0
0
0
0
0
0
0
0
0
0
0
0
0
0
0
0
0
0
0
0
0
0
0
0
0
0
0
0
0
0
0
0
0
0
0
0
0
0
0
0
0
0
0
0
0
0
0
0
0
0
0
0
0
0
0
0
0
0
0
0
0
0
0
0
0
0
0
0
0
0
0
0
0
0
0
0
0
0
0
0
0
0
0
0
0
0
0
0
0
0
0
0
0
0
0
0
0
0
0
0
0
0
0
0
0
0
0
0
0
0
0
0
0
0
0
0
0
0
0
0
0
0
0
0
0
0
0
0
0
0
0
0
0
0
0
0
0
0
0
0
0
0
0
0
0
0
0
0
0
0
0
0
0
0
0
0
0
0
0
0
0
0
0
0
0
0
0
0
0
0
0
0
0
0
0
0
0
0
0
0
0
0
0
0
0
0
0
0
0
0
0
0
0
0
0
0
0
0
0
0
0
0
0
0
0
0
0
0
0
0
0
0
0
0
0
0
0
0
0
0
0
0
0
0
0
0
0
0
0
0
0
0
0
0
0
0
0
0
0
0
0
0
0
0
0
0
0
0
0
0
0
0
0
0
0
0
-11
1
-1
-1
-4
-4
2
2
618
1424
-224
-282
-1216
-1190
-538
1408
291
385
153
-573
0
452
540
-736
59
-833
-988
-826
-7
611
848
-400
392
382
-1133
-1337
515
-1347
-259
-285
-470
628
801
-1311
-1021
-1375
800
924
853
3027
-226
2598
-1030
2650
154
2214
130
936
-744
442
493
-123
-435
325
-158
-730
-372
-564
38
114
371
373
-843
-1009
105
467
-883
-385
825
443
-544
-1242
-1138
472
-931
1187
-58
-3282
-191
185
781
-63
742
-774
-730
610
-163
-33
-945
797
849
465
469
-71
1113
319
518
-598
142
-178
-520
44
1035
747
46
-2412
-326
-1414
1027
3073
65
-61
1083
161
156
586
-1158
1808
-1804
1132
-564
-156
-149
-1043
37
-77
-3105
-1031
1414
338
2434
-62
-724
-1056
-65
521
188
-136
594
-518
-300
-1132
81
-463
-468
-866
-786
960
29
153
-622
740
776
-738
88
-786
-184
190
3277
33
-1199
933
-471
1129
1247
539
-441
-833
373
873
-482
-118
1024
852
-368
-370
-119
-27
576
368
734
166
-3456
-896
-384
-4480
777
-1033
-2975
-1889
582
1642
-954
266
-2313
2637
-294
-1566
-613
451
169
2109
150
876
45
-1139
-2103
1017
-2665
2523
-137
2603
268
2590
601
-255
-630
-64
1046
1104
127
631
-309
199
-516
666
386
14
-533
-419
990
-962
1199
-519
-9
525
-265
65
-20
0
4
12
3
1
-1
1
