0
0
0
0
0
0
0
0
0
0
0
0
0
0
0
0
0
0
0
0
0
0
0
0
0
0
0
0
0
0
0
0
0
0
0
0
0
0
0
0
0
0
0
0
0
0
0
0
0
0
0
0
0
0
0
0
0
0
0
0
0
0
0
0
0
0
0
0
0
0
0
0
0
0
0
0
0
0
0
0
0
0
0
0
0
0
0
0
0
0
0
0
0
0
0
0
0
0
0
0
0
0
0
0
0
0
0
0
0
0
0
0
0
0
0
0
0
0
0
0
0
0
0
0
0
0
0
0
0
0
0
0
0
0
0
0
0
0
0
0
0
0
0
0
0
0
0
0
0
0
0
0
0
0
0
0
0
0
0
0
0
0
0
0
0
0
0
0
0
0
0
0
0
0
0
0
0
0
0
0
0
0
0
0
0
0
0
0
0
0
0
0
0
0
0
0
0
0
0
0
0
0
0
0
0
0
0
0
0
0
0
0
0
0
0
0
0
0
0
0
0
0
0
0
0
0
0
0
0
0
0
0
0
0
0
0
0
0
0
0
0
0
0
0
0
0
0
0
0
0
0
0
0
0
0
0
-2
-3
0
-2
-1
-1
-2
0
0
-953
1001
247
384
-788
-364
1091
64
-39
-5
86
0
196
279
-290
-192
-142
10
503
-455
50
250
35
-384
-267
1057
-1586
-40
1264
-246
594
-128
-286
1099
-827
40
468
-932
96
1280
-625
-177
-1602
283
1345
554
-205
128
-135
378
-219
63
-226
-36
177
-116
-320
-720
1310
-340
-1154
732
450
-160
40
799
-126
-160
323
-1405
-154
-692
-1261
-175
-86
79
1205
-105
491
70
335
237
941
108
-1540
-418
76
171
1453
-69
-321
-257
316
57
-1513
105
584
918
280
233
-238
-540
-229
222
1498
1132
1320
-368
-1802
-95
-872
330
-87
-1850
-962
-18
545
1540
567
-328
-568
224
-1940
-20
1068
-212
-28
-224
-159
-726
702
-372
-1603
-746
23
-106
28
-900
905
233
-1101
1001
-125
-170
-1027
-1056
6
-259
417
1294
876
-67
-961
60
1021
106
-1582
-40
841
686
1739
-43
157
75
1062
937
-1336
156
186
-272
116
-163
77
-358
-183
120
508
-1200
983
-341
-919
1052
-571
-1792
-512
256
-512
-512
-640
-128
384
0
-1416
364
-336
384
1171
364
51
256
-1309
-1278
-532
273
604
668
705
512
-675
1416
-679
-819
-27
-1652
-179
320
-26
-76
-117
-407
252
336
319
-64
233
-530
-555
74
342
465
-274
128
706
745
423
49
101
-908
-254
0
-723
-1029
-727
-1
721
1020
719
