-2048
0
0
0
-2048
0
0
0
-2048
0
0
0
-2048
0
0
0
-2048
0
0
0
-2048
0
0
0
-2048
0
0
0
-2048
0
0
0
-2048
0
0
0
-2048
0
0
0
-2048
0
0
0
-2048
0
0
0
-2048
0
0
0
-2048
0
0
0
-2048
0
0
0
-2048
0
0
0
-2048
0
0
0
-2048
0
0
0
-2048
0
0
0
-2048
0
0
0
-2048
0
0
0
-2048
0
0
0
-2048
0
0
0
-2048
0
0
0
-2048
0
0
0
-2048
0
0
0
-2048
0
0
0
-2048
0
0
0
-2048
0
0
0
-2048
0
0
0
-2048
0
0
0
-2048
0
0
0
-2048
0
0
0
-2048
0
0
0
-2048
0
0
0
-2048
0
0
0
-2048
0
0
0
-2048
0
0
0
-2048
0
0
0
-2048
0
0
0
-2048
0
0
0
-2048
0
0
0
-2048
0
0
0
-2048
0
0
0
-2048
0
0
0
-2048
0
0
0
-2048
0
0
0
-2048
0
0
0
-2048
0
0
0
-2048
0
0
0
-2048
0
0
0
-2048
0
0
0
-2048
0
0
0
-2048
0
0
0
-2048
0
0
0
-2048
0
0
0
-2048
0
0
0
-2048
0
0
0
-2048
0
0
0
-2048
0
0
0
-2048
0
0
0
-2048
0
0
0
-2048
0
0
0
-2048
0
0
0
2041
2047
2047
2047
-3
1
3
-1
0
-1138
-1729
-1109
256
1730
819
-1033
-2045
400
850
763
-771
-1332
-162
1041
-836
-94
-247
-175
1348
58
-39
-281
-1594
-97
-1486
5
-454
299
72
-967
58
-1051
876
5
-1082
1037
1030
-1119
1297
92
-117
-1320
-2065
1394
187
636
1535
333
-686
-260
897
603
-120
-552
1690
-546
2252
-450
50
-250
148
278
-1150
-515
-84
-696
-1926
-79
634
120
-620
-915
969
-1720
-244
-1477
-899
1086
-711
320
-94
742
-193
1716
-22
-1778
1104
270
2353
-601
-128
-262
-229
-65
-381
-1948
1904
-1390
741
694
-110
-608
1938
-1742
-44
-513
150
-826
1460
1165
338
1843
-447
2304
246
-49
-23
1250
248
412
3384
208
336
988
288
-1344
152
-2903
-1244
-2365
1936
-1043
-1038
43
743
-102
-1457
60
-383
-1628
-377
940
-135
-995
130
-796
1111
-1057
2
1718
-193
-109
-652
648
-709
1067
176
-1244
-252
693
76
-373
-616
-621
282
937
-1925
143
-2193
-107
-1149
-617
619
685
51
-767
1447
-813
1687
653
-11
-927
768
-1792
-1408
256
2560
1280
-1152
-1536
-1408
590
-182
-20
1152
-1766
-546
3066
-3
1788
22
818
-1277
-474
-530
312
-805
2421
-1274
-173
-987
53
98
1737
1465
460
-206
177
-825
48
-348
151
-819
-859
1048
-1450
-2125
527
-338
-618
246
480
-1587
1339
10
1014
-179
-709
-2
6
-5
2
2042
1448
-1
-1448
