644
690
302
452
528
516
606
438
464
520
350
498
608
470
424
512
356
420
288
532
414
526
646
352
540
478
322
398
382
594
596
396
430
426
416
444
572
528
684
404
508
528
452
596
458
418
770
544
640
590
404
288
548
500
502
392
560
456
626
458
524
584
450
552
-208
206
657
165
301
689
60
-110
311
478
-435
12
459
-585
-622
33
85
-254
-112
-452
238
-581
795
59
-296
-484
-214
122
-400
-420
458
589
-336
-216
482
264
73
-380
35
199
371
-560
-303
-2
-297
-27
-20
-519
824
-432
467
-182
-176
-627
-324
-179
-52
-364
-230
525
-543
716
23
563
388
343
-98
-11
77
314
-69
-57
-99
31
300
118
-204
16
-72
-216
173
193
116
-505
47
-66
-162
314
205
-48
-19
110
-12
111
-116
-31
247
-68
50
-306
-374
-295
-142
-171
186
-88
145
-56
72
-12
-51
-46
139
545
152
162
1
362
-113
-59
166
325
-42
-123
256
305
-241
106
92
138
-632
-302
85
100
-36
63
151
-329
-265
75
134
38
-75
-490
228
320
-254
-71
0
11
-115
-52
-248
11
-71
-158
146
169
-89
-31
-180
-60
-323
-223
-7
-284
214
-234
64
124
147
-78
-74
-20
-61
156
-118
186
-89
-135
26
-28
394
99
48
67
188
-87
-55
-175
304
-189
-124
-2
150
-105
170
233
-43
-124
330
210
-472
189
293
-74
-212
41
-348
66
-143
141
40
306
147
261
-106
-124
24
-187
-69
-506
-328
-32
314
-255
112
-92
-394
-52
343
452
126
-141
-560
-12
402
-32
146
-107
-314
-195
248
24
44
31
76
-413
11
-121
-7
139
667
-77
63
207
52
133
-166
158
399
43
138
-209
-22
88
-189
-179
282
-35
-191
-114
-110
270
-79
-78
-10
-355
69
8
360
374
202
-73
-232
241
-88
104
-117
-163
59
-57
-162
-16
16
-24
46
153
116
-703
54
475
-38
176
376
25
208
236
46
204
-36
256
23
-41
-94
52
-7
-321
-33
-407
448
-776
83
424
-953
-533
-743
-512
248
850
327
505
-646
-60
160
-226
-441
185
-153
-168
500
363
322
39
-57
244
52
443
640
51
516
-194
238
65
-155
-200
-276
-72
641
-436
-102
-176
-65
233
534
656
103
82
-122
359
-152
522
114
-176
57
86
-590
450
587
358
286
578
-372
343
40
192
-71
228
270
163
-129
-123
102
37
9
-161
-168
98
340
66
-5
104
56
-369
-20
-20
-52
307
-71
160
235
-95
-203
182
99
-62
-219
-21
299
5
87
-227
270
-204
-102
94
35
150
226
-159
-190
129
-70
-45
-107
-226
-158
-151
104
-345
-518
-21
-32
-49
-5
232
-157
10
