-1 0
0 0
0 0
0 0
0 0
0 0
0 0
0 0
0 0
0 0
0 0
0 0
0 0
0 0
0 0
0 0
0 0
0 0
0 0
0 0
0 0
0 0
0 0
0 0
0 0
0 0
0 0
0 0
0 0
0 0
0 0
0 0
0 0
0 0
0 0
0 0
0 0
0 0
0 0
0 0
0 0
0 0
0 0
0 0
0 0
0 0
0 0
0 0
0 0
0 0
0 0
0 0
0 0
0 0
0 0
0 0
0 0
0 0
0 0
0 0
0 0
0 0
0 0
0 0
0 0
0 0
0 0
0 0
0 0
0 0
0 0
0 0
0 0
0 0
0 0
0 0
0 0
0 0
0 0
0 0
0 0
0 0
0 0
0 0
0 0
0 0
0 0
0 0
0 0
0 0
0 0
0 0
0 0
0 0
0 0
0 0
0 0
0 0
0 0
0 0
0 0
0 0
0 0
0 0
0 0
0 0
0 0
0 0
0 0
0 0
0 0
0 0
0 0
0 0
0 0
0 0
0 0
0 0
0 0
0 0
0 0
0 0
0 0
0 0
0 0
0 0
0 0
0 0
-1 0
0 0
0 0
0 0
0 0
0 0
0 0
0 0
0 0
0 0
0 0
0 0
0 0
0 0
0 0
0 0
0 0
0 0
0 0
0 0
0 0
0 0
0 0
0 0
0 0
0 0
0 0
0 0
0 0
0 0
0 0
0 0
0 0
0 0
0 0
0 0
0 0
0 0
0 0
0 0
0 0
0 0
0 0
0 0
0 0
0 0
0 0
0 0
0 0
0 0
0 0
0 0
0 0
0 0
0 0
0 0
0 0
0 0
0 0
0 0
0 0
0 0
0 0
0 0
0 0
0 0
0 0
0 0
0 0
0 0
0 0
0 0
0 0
0 0
0 0
0 0
0 0
0 0
0 0
0 0
0 0
0 0
0 0
0 0
0 0
0 0
0 0
0 0
0 0
0 0
0 0
0 0
0 0
0 0
0 0
0 0
0 0
0 0
0 0
0 0
0 0
0 0
0 0
0 0
0 0
0 0
0 0
0 0
0 0
0 0
0 0
0 0
0 0
0 0
0 0
0 0
0 0
0 0
0 0
0 0
0 0
0 0
0 0
0 0
0 0
0 0
0 0
0 0
127 0
128 2
128 4
128 4
128 6
128 8
128 10
128 10
128 12
128 14
128 16
126 18
126 18
126 20
126 22
126 24
126 24
126 26
124 28
124 30
124 32
124 32
124 34
122 36
122 38
122 38
122 40
122 42
120 44
120 44
120 46
118 48
118 48
118 50
118 52
116 54
116 54
116 56
114 58
114 58
112 60
112 62
112 64
110 64
110 66
108 68
108 68
108 70
106 72
106 72
104 74
104 74
102 76
102 78
100 78
100 80
98 82
98 82
96 84
96 84
94 86
94 88
92 88
92 90
127 0
129 1
127 3
129 4
127 6
127 8
127 8
127 11
127 11
127 14
126 16
127 17
126 18
126 21
126 21
126 24
126 24
126 27
124 28
124 28
124 31
123 33
124 34
123 35
122 37
122 40
122 40
122 42
120 44
120 44
120 47
119 48
117 49
117 49
117 52
116 54
116 54
116 57
115 58
113 59
113 59
112 61
112 64
110 65
110 65
109 66
107 68
107 71
106 72
106 72
105 74
103 75
102 76
102 76
102 79
100 81
99 82
98 83
98 83
96 85
95 86
93 88
93 88
92 89
127 0
128 -2
128 -4
128 -4
128 -6
128 -8
128 -10
128 -10
128 -12
128 -14
128 -16
126 -18
126 -18
126 -20
126 -22
126 -24
126 -24
126 -26
124 -28
124 -30
124 -32
124 -32
124 -34
122 -36
122 -38
122 -38
122 -40
122 -42
120 -44
120 -44
120 -46
118 -48
118 -48
118 -50
118 -52
116 -54
116 -54
116 -56
114 -58
114 -58
112 -60
112 -62
112 -64
110 -64
110 -66
108 -68
108 -68
108 -70
106 -72
106 -72
104 -74
104 -74
102 -76
102 -78
100 -78
100 -80
98 -82
98 -82
96 -84
96 -84
94 -86
94 -88
92 -88
92 -90
-127 0
-129 1
-127 3
-129 4
-127 6
-127 8
-127 8
-127 11
-127 11
-127 14
-126 16
-127 17
-126 18
-126 21
-126 21
-126 24
-126 24
-126 27
-124 28
-124 28
-124 31
-123 33
-124 34
-123 35
-122 37
-122 40
-122 40
-122 42
-120 44
-120 44
-120 47
-119 48
-117 49
-117 49
-117 52
-116 54
-116 54
-116 57
-115 58
-113 59
-113 59
-112 61
-112 64
-110 65
-110 65
-109 66
-107 68
-107 71
-106 72
-106 72
-105 74
-103 75
-102 76
-102 76
-102 79
-100 81
-99 82
-98 83
-98 83
-96 85
-95 86
-93 88
-93 88
-92 89
