-1024 0
0 0
0 0
0 0
0 0
0 0
0 0
0 0
0 0
0 0
0 0
0 0
0 0
0 0
0 0
0 0
-1024 0
0 0
0 0
0 0
0 0
0 0
0 0
0 0
0 0
0 0
0 0
0 0
0 0
0 0
0 0
0 0
-1024 0
0 0
0 0
0 0
0 0
0 0
0 0
0 0
0 0
0 0
0 0
0 0
0 0
0 0
0 0
0 0
-1024 0
0 0
0 0
0 0
0 0
0 0
0 0
0 0
0 0
0 0
0 0
0 0
0 0
0 0
0 0
0 0
-1024 0
0 0
0 0
0 0
0 0
0 0
0 0
0 0
0 0
0 0
0 0
0 0
0 0
0 0
0 0
0 0
-1024 0
0 0
0 0
0 0
0 0
0 0
0 0
0 0
0 0
0 0
0 0
0 0
0 0
0 0
0 0
0 0
-1024 0
0 0
0 0
0 0
0 0
0 0
0 0
0 0
0 0
0 0
0 0
0 0
0 0
0 0
0 0
0 0
-1024 0
0 0
0 0
0 0
0 0
0 0
0 0
0 0
0 0
0 0
0 0
0 0
0 0
0 0
0 0
0 0
-1024 0
0 0
0 0
0 0
0 0
0 0
0 0
0 0
0 0
0 0
0 0
0 0
0 0
0 0
0 0
0 0
-1024 0
0 0
0 0
0 0
0 0
0 0
0 0
0 0
0 0
0 0
0 0
0 0
0 0
0 0
0 0
0 0
-1024 0
0 0
0 0
0 0
0 0
0 0
0 0
0 0
0 0
0 0
0 0
0 0
0 0
0 0
0 0
0 0
-1024 0
0 0
0 0
0 0
0 0
0 0
0 0
0 0
0 0
0 0
0 0
0 0
0 0
0 0
0 0
0 0
-1024 0
0 0
0 0
0 0
0 0
0 0
0 0
0 0
0 0
0 0
0 0
0 0
0 0
0 0
0 0
0 0
-1024 0
0 0
0 0
0 0
0 0
0 0
0 0
0 0
0 0
0 0
0 0
0 0
0 0
0 0
0 0
0 0
-1024 0
0 0
0 0
0 0
0 0
0 0
0 0
0 0
0 0
0 0
0 0
0 0
0 0
0 0
0 0
0 0
-1024 0
0 0
0 0
0 0
0 0
0 0
0 0
0 0
0 0
0 0
0 0
0 0
0 0
0 0
0 0
0 0
2039 -3
2051 -8
2046 2
2044 -6
2043 -1
2051 -6
2049 -5
2048 -4
2038 -3
2046 -2
2054 -1
2049 1
2046 0
2041 2
2040 0
2051 4
-9 -1
-3 -2
2 0
2 2
5 -7
3 6
1 3
2 -2
-13 2
-4 0
3 2
9 7
-12 0
2 7
-2 6
2 -1
-6 -2
1 -2
-5 9
3 -9
-3 1
-1 0
-1 1
-2 2
-2 -1
0 0
-2 -2
-3 -4
-1 -3
-5 8
-3 -6
2 4
8 6
7 0
-3 -3
7 -7
-1 7
-5 0
-1 1
4 -4
-11 4
0 -3
4 2
1 -3
4 6
-6 -4
-3 -3
1 -2
-334 -138
-344 -198
416 18
-40 498
490 24
-182 -740
1146 734
36 218
1204 22
-54 -122
784 -738
-46 812
330 -364
34 -414
-94 -2
-400 232
-334 -138
100 58
-96 -18
-464 -406
6 -148
278 912
50 406
-508 -866
118 -208
-562 -790
146 -56
356 282
-100 110
-702 -458
178 6
132 228
334 138
-486 836
394 700
-304 -686
334 -304
630 -124
82 746
530 -504
154 33
342 614
658 -561
78 281
335 304
-543 529
962 23
221 -837
334 138
-230 392
430 188
-200 778
162 180
250 -360
410 -350
446 -200
188 -27
-605 141
-451 482
-208 -233
180 163
625 40
-291 -8
136 34
334 -138
-266 -368
386 -272
-416 -686
82 -228
388 206
536 60
470 -128
-188 -26
616 84
532 384
132 -284
-104 218
-532 328
238 -166
-82 114
334 -138
-566 -784
250 -764
-92 742
426 152
616 -190
-348 -668
734 52
-154 32
-284 644
-752 -420
4 292
-194 408
728 212
-786 554
-698 -506
-334 138
92 -66
-88 38
-324 522
64 134
-184 -938
-182 -366
160 994
-117 -205
484 -843
-156 -25
-260 373
134 64
407 -735
-141 102
40 257
-334 138
-324 234
404 -98
-184 -466
444 -210
188 738
546 -1250
-108 -190
-1203 18
42 -124
-908 -568
277 764
-443 -211
-226 -351
76 -54
455 -74
6 -7
-1 -8
-7 1
1 3
-5 -7
-12 0
-2 -1
9 -1
7 -7
-1 4
-3 1
-6 -7
-2 3
0 -5
1 0
-2 4
-6 3
9 -4
-5 -5
5 3
3 5
-4 6
-2 9
-1 5
1 -1
-2 -5
7 -5
1 -4
-1 0
5 4
-2 -5
-4 -2
-9 2
0 1
3 -1
5 -9
7 5
3 -3
-7 0
1 5
14 3
4 -1
-7 -1
-2 8
12 -4
-2 8
5 5
-4 -1
2041 2
2044 -193
2005 -403
1961 -593
1891 -783
1805 -967
1707 -1140
1583 -1297
-2040 -1
-2040 200
-2014 404
-1962 597
-1891 784
-1806 965
-1699 1136
-1585 1305
