-2048
0
0
0
-2048
0
0
0
-2048
0
0
0
-2048
0
0
0
-2048
0
0
0
-2048
0
0
0
-2048
0
0
0
-2048
0
0
0
-2048
0
0
0
-2048
0
0
0
-2048
0
0
0
-2048
0
0
0
-2048
0
0
0
-2048
0
0
0
-2048
0
0
0
-2048
0
0
0
-2048
0
0
0
-2048
0
0
0
-2048
0
0
0
-2048
0
0
0
-2048
0
0
0
-2048
0
0
0
-2048
0
0
0
-2048
0
0
0
-2048
0
0
0
-2048
0
0
0
-2048
0
0
0
-2048
0
0
0
-2048
0
0
0
-2048
0
0
0
-2048
0
0
0
-2048
0
0
0
-2048
0
0
0
-2048
0
0
0
-2048
0
0
0
-2048
0
0
0
-2048
0
0
0
-2048
0
0
0
-2048
0
0
0
-2048
0
0
0
-2048
0
0
0
-2048
0
0
0
-2048
0
0
0
-2048
0
0
0
-2048
0
0
0
-2048
0
0
0
-2048
0
0
0
-2048
0
0
0
-2048
0
0
0
-2048
0
0
0
-2048
0
0
0
-2048
0
0
0
-2048
0
0
0
-2048
0
0
0
-2048
0
0
0
-2048
0
0
0
-2048
0
0
0
-2048
0
0
0
-2048
0
0
0
-2048
0
0
0
-2048
0
0
0
-2048
0
0
0
-2048
0
0
0
-2048
0
0
0
2041
2047
2047
2047
-3
1
2
-2
0
-1138
-1729
-1109
256
1730
1365
-844
-2045
400
850
763
-771
-1332
-284
376
-836
-94
-247
-175
1348
58
-240
468
-1594
-97
-1486
5
-454
299
1303
-2180
58
-1051
876
5
-1082
1037
2031
-923
1297
92
-117
-1320
-2065
1394
-731
-1397
1535
333
-686
-260
897
603
414
-396
1690
-546
2252
-450
50
-250
-1452
860
-1150
-515
-84
-696
-1926
-79
2204
28
-620
-915
969
-1720
-244
-1477
-70
-577
-711
320
-94
742
-193
1716
655
865
1104
270
2353
-601
-128
-262
-126
1192
-381
-1948
1904
-1390
741
694
1458
509
1938
-1742
-44
-513
150
-826
1227
2192
338
1843
-447
2304
246
-49
-3390
-1529
248
412
3384
208
336
988
436
-1912
152
-2903
-1244
-2365
1936
-1043
20
679
743
-102
-1457
60
-383
-1628
-1901
1030
-135
-995
130
-796
1111
-1057
-2350
-870
-193
-109
-652
648
-709
1067
100
180
-252
693
76
-373
-616
-621
-980
1493
-1925
143
-2193
-107
-1149
-617
86
299
51
-767
1447
-813
1687
653
-2252
1554
768
-1792
-1408
256
2560
1280
384
-896
-1408
590
-182
-20
1152
-1766
0
-387
-3
1788
22
818
-1277
-474
-1946
-1237
-805
2421
-1274
-173
-987
53
3068
-500
1465
460
-206
177
-825
48
-412
-436
-819
-859
1048
-1450
-2125
527
-995
-281
246
480
-1587
1339
10
1014
1653
677
-2
6
-5
2
2042
1448
-2049
-1446
