-2048 0
0 0
-2048 0
0 0
-2048 0
0 0
-2048 0
0 0
-2048 0
0 0
-2048 0
0 0
-2048 0
0 0
-2048 0
0 0
-2048 0
0 0
-2048 0
0 0
-2048 0
0 0
-2048 0
0 0
-2048 0
0 0
-2048 0
0 0
-2048 0
0 0
-2048 0
0 0
-2048 0
0 0
-2048 0
0 0
-2048 0
0 0
-2048 0
0 0
-2048 0
0 0
-2048 0
0 0
-2048 0
0 0
-2048 0
0 0
-2048 0
0 0
-2048 0
0 0
-2048 0
0 0
-2048 0
0 0
-2048 0
0 0
-2048 0
0 0
-2048 0
0 0
-2048 0
0 0
-2048 0
0 0
-2048 0
0 0
-2048 0
0 0
-2048 0
0 0
-2048 0
0 0
-2048 0
0 0
-2048 0
0 0
-2048 0
0 0
-2048 0
0 0
-2048 0
0 0
-2048 0
0 0
-2048 0
0 0
-2048 0
0 0
-2048 0
0 0
-2048 0
0 0
-2048 0
0 0
-2048 0
0 0
-2048 0
0 0
-2048 0
0 0
-2048 0
0 0
-2048 0
0 0
-2048 0
0 0
-2048 0
0 0
-2048 0
0 0
-2048 0
0 0
-2048 0
0 0
-2048 0
0 0
-2048 0
0 0
-2048 0
0 0
-2048 0
0 0
-2048 0
0 0
-2048 0
0 0
-2048 0
0 0
-2048 0
0 0
-2048 0
0 0
-2048 0
0 0
-2048 0
0 0
-2048 0
0 0
-2048 0
0 0
-2048 0
0 0
-2048 0
0 0
-2048 0
0 0
-2048 0
0 0
-2048 0
0 0
-2048 0
0 0
-2048 0
0 0
-2048 0
0 0
-2048 0
0 0
-2048 0
0 0
-2048 0
0 0
-2048 0
0 0
-2048 0
0 0
-2048 0
0 0
-2048 0
0 0
-2048 0
0 0
-2048 0
0 0
-2048 0
0 0
-2048 0
0 0
-2048 0
0 0
-2048 0
0 0
-2048 0
0 0
-2048 0
0 0
-2048 0
0 0
-2048 0
0 0
-2048 0
0 0
-2048 0
0 0
-2048 0
0 0
-2048 0
0 0
-2048 0
0 0
-2048 0
0 0
-2048 0
0 0
-2048 0
0 0
-2048 0
0 0
-2048 0
0 0
-2048 0
0 0
-2048 0
0 0
-2048 0
0 0
-2048 0
0 0
-2048 0
0 0
-2048 0
0 0
-2048 0
0 0
-2048 0
0 0
-2048 0
0 0
-2048 0
0 0
-2048 0
0 0
-2048 0
0 0
-2048 0
0 0
-2048 0
0 0
-2048 0
0 0
-2048 0
0 0
-2048 0
0 0
-2048 0
0 0
-2048 0
0 0
-2048 0
0 0
-2048 0
0 0
-2048 0
0 0
4088 -5
4094 -6
-6 -1
-2 0
-1 -4
-1 0
-5 2
-4 0
-1729 1021
-2247 -403
1729 -253
-3079 29
1621 -1203
1240 -13
-1109 435
-2667 -973
-1195 338
1163 -47
-2895 -210
361 363
-1055 226
-1578 -226
-487 -98
1777 638
-1083 -387
-269 446
-589 -907
-630 -81
1108 302
435 -309
1588 224
-45 624
-3080 387
-92 5
-108 -1235
1989 102
849 -416
-1729 931
-1757 -272
-3519 13
934 79
-1046 -549
-818 -255
913 1056
949 -1198
339 177
-3113 862
-2710 -62
1180 1940
-1228 -1087
1414 1186
2527 -1412
-2796 810
-1845 -1840
-1334 1184
-2917 -1030
849 533
73 -403
2221 -151
-319 -593
1311 185
601 308
483 -55
-1032 -380
3942 -444
-996 286
-562 -468
-3234 96
-1402 76
824 -38
1502 372
1571 -1
-1234 -926
-1211 83
-1066 286
643 -181
278 -634
-321 -249
-4130 634
-40 191
349 -893
-2635 349
-1589 -333
-461 -805
-314 128
-3964 -1059
-174 -1670
-339 1612
-805 -3
1062 -188
-617 359
-2222 422
462 -16
4408 758
-848 -60
-533 -670
3457 -98
-331 -65
-1249 -74
3603 -871
-254 657
1507 192
-2 199
1786 270
1523 716
-3338 397
-2285 -40
295 558
2199 -18
1862 160
-717 -238
21 -282
1894 891
-2255 144
1982 -1183
-752 1229
1377 -870
2475 544
-1077 2050
5291 -1023
-109 2
4147 63
785 622
853 461
-3144 371
-2446 -215
3636 325
-609 -1483
3632 -336
620 -1468
-3136 -360
2468 -204
772 -596
-860 447
-100 -20
-4157 57
-1092 -2068
-5268 -1037
1396 876
-2487 538
1956 1186
733 1248
1916 -890
2269 166
-714 228
-42 -293
2200 26
-1853 162
-2284 38
-289 556
1518 -716
3342 416
-5 -191
-1791 272
-265 -667
-1492 199
-1239 87
-3598 -873
3461 91
326 -62
-845 59
539 -681
459 19
-4405 757
-609 -349
2200 437
-809 3
-1068 -187
-176 1655
320 1622
-328 -133
3980 -1066
-1596 329
433 -800
364 893
2636 354
-4118 -637
36 196
268 623
330 -250
-1063 -300
-632 -182
-1235 938
1209 86
1498 -369
-1580 1
-1396 -73
-823 -46
-565 472
3225 104
3939 450
991 284
-640 -2176
-1536 -1280
2176 -2432
-1024 2048
2944 -128
1448 905
2176 -2432
-2534 -543
-1590 1112
570 -530
-1226 -344
40 -610
1152 162
-5519 -2475
1152 -930
1314 636
19 -81
2606 -532
-25 1139
-878 -970
-3223 513
-2783 -363
669 -547
-1671 592
-2079 -543
2248 -1560
469 -71
156 -2594
2081 1233
-2002 -1370
-4055 1429
379 -1161
1259 173
637 428
1671 -347
24 -283
-1237 1075
-578 -29
-413 379
-432 -252
229 -55
-2309 -254
-1867 75
1404 -591
-3120 200
534 186
-1130 -476
-1085 -57
-1341 14
1819 976
1833 340
638 859
1663 258
2125 -267
-1643 -100
-312 -165
-7 -10
8 -10
3 8
6 -4
-7 2
4 1
4091 0
-4091 -1
