-1024 0
0 0
0 0
0 0
0 0
0 0
0 0
0 0
0 0
0 0
0 0
0 0
0 0
0 0
0 0
0 0
0 0
0 0
0 0
0 0
0 0
0 0
0 0
0 0
0 0
0 0
0 0
0 0
0 0
0 0
0 0
0 0
0 0
0 0
0 0
0 0
0 0
0 0
0 0
0 0
0 0
0 0
0 0
0 0
0 0
0 0
0 0
0 0
0 0
0 0
0 0
0 0
0 0
0 0
0 0
0 0
0 0
0 0
0 0
0 0
0 0
0 0
0 0
0 0
-1024 0
0 0
0 0
0 0
0 0
0 0
0 0
0 0
0 0
0 0
0 0
0 0
0 0
0 0
0 0
0 0
0 0
0 0
0 0
0 0
0 0
0 0
0 0
0 0
0 0
0 0
0 0
0 0
0 0
0 0
0 0
0 0
0 0
0 0
0 0
0 0
0 0
0 0
0 0
0 0
0 0
0 0
0 0
0 0
0 0
0 0
0 0
0 0
0 0
0 0
0 0
0 0
0 0
0 0
0 0
0 0
0 0
0 0
0 0
0 0
0 0
0 0
0 0
0 0
-1024 0
0 0
0 0
0 0
0 0
0 0
0 0
0 0
0 0
0 0
0 0
0 0
0 0
0 0
0 0
0 0
0 0
0 0
0 0
0 0
0 0
0 0
0 0
0 0
0 0
0 0
0 0
0 0
0 0
0 0
0 0
0 0
0 0
0 0
0 0
0 0
0 0
0 0
0 0
0 0
0 0
0 0
0 0
0 0
0 0
0 0
0 0
0 0
0 0
0 0
0 0
0 0
0 0
0 0
0 0
0 0
0 0
0 0
0 0
0 0
0 0
0 0
0 0
0 0
-1024 0
0 0
0 0
0 0
0 0
0 0
0 0
0 0
0 0
0 0
0 0
0 0
0 0
0 0
0 0
0 0
0 0
0 0
0 0
0 0
0 0
0 0
0 0
0 0
0 0
0 0
0 0
0 0
0 0
0 0
0 0
0 0
0 0
0 0
0 0
0 0
0 0
0 0
0 0
0 0
0 0
0 0
0 0
0 0
0 0
0 0
0 0
0 0
0 0
0 0
0 0
0 0
0 0
0 0
0 0
0 0
0 0
0 0
0 0
0 0
0 0
0 0
0 0
0 0
508 0
514 -3
510 2
514 -5
511 0
512 0
512 0
513 -2
510 -7
512 -1
512 0
511 2
510 -4
508 1
510 -2
513 3
514 -4
514 -3
508 0
511 -3
511 1
512 -2
512 -2
510 -2
508 1
512 0
515 0
516 -2
512 5
511 -4
513 0
512 0
507 -2
510 -2
514 -1
509 3
513 -4
515 0
513 -1
512 -1
508 -1
511 -2
514 1
510 3
513 -2
509 1
507 1
513 0
510 3
513 0
514 1
510 -1
508 2
512 -4
512 -2
513 1
512 4
511 1
513 -2
512 -2
511 1
513 4
510 1
513 1
0 0
-240 272
286 222
-252 46
248 -62
244 -78
422 384
126 -338
346 106
218 -134
420 -296
-40 360
0 0
-184 -178
194 168
0 0
0 0
-222 -128
0 0
472 200
242 86
-174 -318
0 0
212 292
254 26
-512 -20
0 0
0 0
0 0
0 0
-246 68
84 242
-334 -138
118 -342
-126 -222
0 0
0 0
-196 164
176 186
-362 14
360 -36
150 -208
0 0
-124 224
110 -232
430 -380
-244 -80
-314 182
0 0
0 0
256 18
-260 252
0 0
-56 -508
548 164
60 250
244 -74
90 240
364 -442
118 228
220 -132
-212 144
202 -158
-170 -192
0 0
-266 -246
238 -274
-254 28
254 -38
252 -46
138 -556
314 182
170 -318
242 -84
476 -184
-336 -136
0 0
118 228
-126 -222
0 0
0 0
150 208
0 0
-328 -392
-172 -190
362 6
0 0
-362 22
-198 -162
408 312
0 0
0 0
0 0
0 0
228 116
-106 232
334 -138
-150 -330
80 -244
0 0
0 0
250 54
-44 252
288 -220
-280 228
-256 -16
0 0
256 -4
-256 12
-490 300
-32 -254
212 -292
0 0
0 0
68 246
166 -322
0 0
-476 192
442 364
230 -112
120 226
222 -128
56 568
212 -144
152 206
-160 -200
168 194
-188 174
508 0
513 -51
499 -102
493 -149
474 -195
448 -241
424 -283
398 -322
365 -359
327 -395
284 -427
239 -453
198 -471
146 -489
101 -500
49 -512
3 -515
-51 -512
-101 -499
-147 -489
-199 -474
-243 -452
-285 -431
-323 -397
-362 -361
-398 -323
-428 -287
-456 -245
-475 -192
-490 -153
-504 -99
-511 -48
-508 -2
-509 45
-505 100
-490 152
-475 194
-456 244
-426 287
-394 324
-361 356
-325 396
-283 431
-240 450
-199 472
-148 489
-98 499
-49 512
3 510
46 510
100 502
145 489
195 468
239 449
285 426
328 394
365 357
395 326
424 284
451 241
474 194
492 148
502 100
509 52
