-1024 0
0 0
0 0
0 0
0 0
0 0
0 0
0 0
0 0
0 0
0 0
0 0
0 0
0 0
0 0
0 0
0 0
0 0
0 0
0 0
0 0
0 0
0 0
0 0
0 0
0 0
0 0
0 0
0 0
0 0
0 0
0 0
-1024 0
0 0
0 0
0 0
0 0
0 0
0 0
0 0
0 0
0 0
0 0
0 0
0 0
0 0
0 0
0 0
0 0
0 0
0 0
0 0
0 0
0 0
0 0
0 0
0 0
0 0
0 0
0 0
0 0
0 0
0 0
0 0
-1024 0
0 0
0 0
0 0
0 0
0 0
0 0
0 0
0 0
0 0
0 0
0 0
0 0
0 0
0 0
0 0
0 0
0 0
0 0
0 0
0 0
0 0
0 0
0 0
0 0
0 0
0 0
0 0
0 0
0 0
0 0
0 0
-1024 0
0 0
0 0
0 0
0 0
0 0
0 0
0 0
0 0
0 0
0 0
0 0
0 0
0 0
0 0
0 0
0 0
0 0
0 0
0 0
0 0
0 0
0 0
0 0
0 0
0 0
0 0
0 0
0 0
0 0
0 0
0 0
-1024 0
0 0
0 0
0 0
0 0
0 0
0 0
0 0
0 0
0 0
0 0
0 0
0 0
0 0
0 0
0 0
0 0
0 0
0 0
0 0
0 0
0 0
0 0
0 0
0 0
0 0
0 0
0 0
0 0
0 0
0 0
0 0
-1024 0
0 0
0 0
0 0
0 0
0 0
0 0
0 0
0 0
0 0
0 0
0 0
0 0
0 0
0 0
0 0
0 0
0 0
0 0
0 0
0 0
0 0
0 0
0 0
0 0
0 0
0 0
0 0
0 0
0 0
0 0
0 0
-1024 0
0 0
0 0
0 0
0 0
0 0
0 0
0 0
0 0
0 0
0 0
0 0
0 0
0 0
0 0
0 0
0 0
0 0
0 0
0 0
0 0
0 0
0 0
0 0
0 0
0 0
0 0
0 0
0 0
0 0
0 0
0 0
-1024 0
0 0
0 0
0 0
0 0
0 0
0 0
0 0
0 0
0 0
0 0
0 0
0 0
0 0
0 0
0 0
0 0
0 0
0 0
0 0
0 0
0 0
0 0
0 0
0 0
0 0
0 0
0 0
0 0
0 0
0 0
0 0
1015 -2
1024 -5
1024 1
1023 -2
1024 -4
1027 0
1025 -1
1025 -3
1018 -8
1023 -3
1026 1
1021 5
1023 -6
1017 2
1017 -1
1026 3
1024 -1
1027 -3
1022 1
1021 -4
1019 3
1024 -6
1024 -4
1023 -1
1020 5
1023 1
1028 -2
1028 -4
1023 6
1024 0
1023 1
1025 1
1 2
4 -1
-4 3
5 -8
-2 4
-3 0
-1 1
1 -1
2 -6
1 1
-2 -1
1 -1
-3 -2
-1 0
3 -3
0 3
-7 -4
-3 -1
-1 6
-2 -1
-1 -3
2 0
0 0
-3 3
-3 4
-1 -1
2 -2
0 -4
4 -1
-8 2
-1 -3
-1 1
-334 -138
-122 -70
160 0
-252 46
248 -62
48 86
598 570
-236 -324
706 70
368 -342
420 -296
-164 584
110 -232
246 -558
-50 88
-314 182
0 0
-222 -128
256 18
212 452
242 86
-230 -826
548 164
272 542
498 -48
-422 220
364 -442
118 228
220 -132
-212 144
-44 -90
-86 50
334 138
-358 614
412 444
-252 46
248 -62
440 -242
246 198
488 -352
-14 142
68 74
420 -296
84 136
-110 232
-614 202
438 248
314 -182
0 0
-128 222
-18 256
-52 -732
86 -242
190 118
-164 548
42 -152
100 -10
-260 602
442 364
-228 118
132 220
-144 -212
226 448
434 -254
334 -138
-416 -576
318 -518
-254 28
254 -38
502 8
94 -304
602 -38
-110 -90
-14 -100
476 -184
-80 -140
-256 12
-372 528
-158 -476
212 -292
0 0
150 208
68 246
-162 -714
-172 -190
-114 198
442 364
-132 -90
-78 64
630 184
56 568
212 -144
152 206
-160 -200
396 310
-294 406
-334 138
-116 84
158 -30
-254 28
254 -38
2 -100
182 -808
26 402
450 -546
498 -68
476 -184
-592 -132
256 -12
608 -72
-94 32
-212 292
0 0
208 -150
-246 68
-70 494
-190 172
-186 -838
-364 442
134 592
-388 318
440 -186
-568 56
144 212
-206 152
200 -160
-78 -60
58 -82
0 -2
4 -6
-6 -2
3 3
-1 -1
-8 3
-2 4
4 2
4 -3
2 1
1 4
-1 -3
-1 1
-2 0
3 -1
0 0
6 -5
-5 -2
-1 3
-2 0
-4 -6
-4 -3
0 -5
5 -3
3 -4
-3 3
-4 -3
-5 -4
-1 2
2 -5
-2 1
-2 4
1016 2
1022 -96
1004 -202
983 -301
949 -389
904 -485
850 -570
792 -646
726 -715
652 -791
567 -858
479 -903
397 -943
294 -978
199 -999
98 -1024
-1025 0
-1022 97
-1001 201
-978 292
-942 394
-901 482
-857 570
-791 651
-718 727
-649 793
-571 852
-486 907
-386 949
-301 982
-199 1006
-100 1020
