-2048 0
0 0
0 0
0 0
0 0
0 0
0 0
0 0
-2048 0
0 0
0 0
0 0
0 0
0 0
0 0
0 0
-2048 0
0 0
0 0
0 0
0 0
0 0
0 0
0 0
-2048 0
0 0
0 0
0 0
0 0
0 0
0 0
0 0
-2048 0
0 0
0 0
0 0
0 0
0 0
0 0
0 0
-2048 0
0 0
0 0
0 0
0 0
0 0
0 0
0 0
-2048 0
0 0
0 0
0 0
0 0
0 0
0 0
0 0
-2048 0
0 0
0 0
0 0
0 0
0 0
0 0
0 0
-2048 0
0 0
0 0
0 0
0 0
0 0
0 0
0 0
-2048 0
0 0
0 0
0 0
0 0
0 0
0 0
0 0
-2048 0
0 0
0 0
0 0
0 0
0 0
0 0
0 0
-2048 0
0 0
0 0
0 0
0 0
0 0
0 0
0 0
-2048 0
0 0
0 0
0 0
0 0
0 0
0 0
0 0
-2048 0
0 0
0 0
0 0
0 0
0 0
0 0
0 0
-2048 0
0 0
0 0
0 0
0 0
0 0
0 0
0 0
-2048 0
0 0
0 0
0 0
0 0
0 0
0 0
0 0
-2048 0
0 0
0 0
0 0
0 0
0 0
0 0
0 0
-2048 0
0 0
0 0
0 0
0 0
0 0
0 0
0 0
-2048 0
0 0
0 0
0 0
0 0
0 0
0 0
0 0
-2048 0
0 0
0 0
0 0
0 0
0 0
0 0
0 0
-2048 0
0 0
0 0
0 0
0 0
0 0
0 0
0 0
-2048 0
0 0
0 0
0 0
0 0
0 0
0 0
0 0
-2048 0
0 0
0 0
0 0
0 0
0 0
0 0
0 0
-2048 0
0 0
0 0
0 0
0 0
0 0
0 0
0 0
-2048 0
0 0
0 0
0 0
0 0
0 0
0 0
0 0
-2048 0
0 0
0 0
0 0
0 0
0 0
0 0
0 0
-2048 0
0 0
0 0
0 0
0 0
0 0
0 0
0 0
-2048 0
0 0
0 0
0 0
0 0
0 0
0 0
0 0
-2048 0
0 0
0 0
0 0
0 0
0 0
0 0
0 0
-2048 0
0 0
0 0
0 0
0 0
0 0
0 0
0 0
-2048 0
0 0
0 0
0 0
0 0
0 0
0 0
0 0
-2048 0
0 0
0 0
0 0
0 0
0 0
0 0
0 0
1019 -2
1024 -3
1025 0
1023 -2
1022 -1
1023 -1
1022 -2
1024 0
128 0
296 -953
-455 1001
-1071 247
-128 384
-1434 -788
-1274 -364
-38 1091
-1408 64
-466 -39
344 -5
902 86
-637 0
866 196
506 279
-139 -290
256 -192
-18 -142
-143 10
-228 503
-1092 -455
-76 50
-104 250
53 35
-1024 -384
101 -267
-707 1057
-481 -1586
-570 -40
-198 1264
-779 -246
486 594
-512 -128
-7 -286
953 1099
-557 -827
570 40
-1044 468
-77 -932
562 96
-384 1280
743 -625
35 -177
-342 -1602
1681 283
-651 1345
-152 554
-978 -205
1216 128
468 -135
-403 378
-406 -219
319 63
-135 -226
-283 -36
146 177
870 -116
-398 -320
1200 -720
-86 1310
820 -340
-148 -1154
1052 732
-364 450
-1538 -160
-297 40
275 799
-288 -126
388 -160
-218 323
-359 -1405
-408 -154
-432 -692
-1196 -1261
35 -175
-317 -86
-188 79
281 1205
934 -105
-1403 491
-452 70
1018 335
-58 237
-518 941
-259 108
-698 -1540
-36 -418
1260 76
488 171
4 1453
1062 -69
-333 -321
616 -257
266 316
1291 57
-268 -1513
180 105
-627 584
897 918
-999 280
-561 233
-1321 -238
1007 -540
-391 -229
1044 222
-1284 1498
708 1132
326 1320
894 -368
-458 -1802
-752 -95
-839 -872
292 330
897 -87
-235 -1850
1777 -962
46 -18
946 545
-212 1540
527 567
292 -328
700 -568
1836 224
-568 -1940
-44 -20
-288 1068
1548 -212
776 -28
1044 -224
-1973 -159
-1141 -726
-1161 702
-892 -372
-930 -1603
-103 -746
-1204 23
180 -106
-865 28
-917 -900
500 905
563 233
763 -1101
-540 1001
-440 -125
488 -170
-1026 -1027
66 -1056
461 6
-623 -259
31 417
64 1294
-1257 876
-451 -67
479 -961
-238 60
-298 1021
258 106
-588 -1582
-414 -40
946 841
-434 686
36 1739
179 -43
282 157
182 75
657 1062
-103 937
-655 -1336
-1537 156
-237 186
-787 -272
289 116
-388 -163
380 77
-1406 -358
-396 -183
869 120
-57 508
718 -1200
-870 983
-818 -341
-710 -919
729 1052
57 -571
1664 -1792
-256 -512
-1280 256
-640 -512
-896 -512
-1536 -640
-128 -128
896 384
-128 0
-588 -1416
-364 364
1523 -336
-1280 384
1178 1171
182 364
-1543 51
-640 256
657 -1309
-254 -1278
565 -532
637 273
1131 604
276 668
253 705
-896 512
1237 -675
-588 1416
782 -679
91 -819
1184 -27
-686 -1652
-955 -179
320 320
254 -26
-277 -76
164 -117
1145 -407
206 252
71 336
13 319
-1472 -64
-166 233
355 -530
-1034 -555
653 74
-693 342
693 465
-416 -274
128 128
747 706
-883 745
315 423
118 49
-267 101
-704 -908
1024 -254
1020 0
727 -723
-3 -1029
-723 -727
-1022 -1
-721 721
-2 1020
725 719
