-2048 0
0 0
0 0
0 0
-2048 0
0 0
0 0
0 0
-2048 0
0 0
0 0
0 0
-2048 0
0 0
0 0
0 0
-2048 0
0 0
0 0
0 0
-2048 0
0 0
0 0
0 0
-2048 0
0 0
0 0
0 0
-2048 0
0 0
0 0
0 0
-2048 0
0 0
0 0
0 0
-2048 0
0 0
0 0
0 0
-2048 0
0 0
0 0
0 0
-2048 0
0 0
0 0
0 0
-2048 0
0 0
0 0
0 0
-2048 0
0 0
0 0
0 0
-2048 0
0 0
0 0
0 0
-2048 0
0 0
0 0
0 0
-2048 0
0 0
0 0
0 0
-2048 0
0 0
0 0
0 0
-2048 0
0 0
0 0
0 0
-2048 0
0 0
0 0
0 0
-2048 0
0 0
0 0
0 0
-2048 0
0 0
0 0
0 0
-2048 0
0 0
0 0
0 0
-2048 0
0 0
0 0
0 0
-2048 0
0 0
0 0
0 0
-2048 0
0 0
0 0
0 0
-2048 0
0 0
0 0
0 0
-2048 0
0 0
0 0
0 0
-2048 0
0 0
0 0
0 0
-2048 0
0 0
0 0
0 0
-2048 0
0 0
0 0
0 0
-2048 0
0 0
0 0
0 0
-2048 0
0 0
0 0
0 0
-2048 0
0 0
0 0
0 0
-2048 0
0 0
0 0
0 0
-2048 0
0 0
0 0
0 0
-2048 0
0 0
0 0
0 0
-2048 0
0 0
0 0
0 0
-2048 0
0 0
0 0
0 0
-2048 0
0 0
0 0
0 0
-2048 0
0 0
0 0
0 0
-2048 0
0 0
0 0
0 0
-2048 0
0 0
0 0
0 0
-2048 0
0 0
0 0
0 0
-2048 0
0 0
0 0
0 0
-2048 0
0 0
0 0
0 0
-2048 0
0 0
0 0
0 0
-2048 0
0 0
0 0
0 0
-2048 0
0 0
0 0
0 0
-2048 0
0 0
0 0
0 0
-2048 0
0 0
0 0
0 0
-2048 0
0 0
0 0
0 0
-2048 0
0 0
0 0
0 0
-2048 0
0 0
0 0
0 0
-2048 0
0 0
0 0
0 0
-2048 0
0 0
0 0
0 0
-2048 0
0 0
0 0
0 0
-2048 0
0 0
0 0
0 0
-2048 0
0 0
0 0
0 0
-2048 0
0 0
0 0
0 0
-2048 0
0 0
0 0
0 0
-2048 0
0 0
0 0
0 0
-2048 0
0 0
0 0
0 0
-2048 0
0 0
0 0
0 0
2041 -3
2047 -4
2047 -2
2047 -2
-3 -1
1 -2
2 -3
-2 1
0 384
-1138 -1741
-1729 637
-1109 1338
256 -384
1730 -165
1365 -819
-844 1033
-2045 64
400 157
850 274
763 -204
-771 64
-1332 -235
-284 162
376 -1041
-836 -647
-94 -92
-247 260
-175 538
1348 263
58 -192
-240 39
468 281
-1594 -424
-97 997
-1486 811
5 -992
-454 -344
299 -1531
1303 -72
-2180 967
58 -88
-1051 182
876 167
5 -731
-1082 -168
1037 -754
2031 -1030
-923 1119
1297 1563
92 720
-117 377
-1320 -1807
-2065 997
1394 -1970
-731 -187
-1397 -636
1535 191
333 -361
-686 342
-260 -42
897 65
603 91
414 120
-396 552
1690 -456
-546 -1474
2252 12
-450 1760
50 224
-250 834
-1452 -148
860 -278
-1150 -320
-515 363
-84 -606
-696 -280
-1926 0
-79 -283
2204 -634
28 -120
-620 -613
-915 -56
969 -280
-1720 405
-244 -771
-1477 -2466
-70 899
-577 -1086
-711 178
320 -1205
-94 -181
742 1017
-193 -38
1716 1875
655 22
865 1778
1104 -86
270 1769
2353 -12
-601 -1834
-128 428
-262 1137
-126 229
1192 65
-381 338
-1948 346
1904 378
-1390 51
741 -128
694 822
1458 110
509 608
1938 -146
-1742 -304
-44 1037
-513 448
150 590
-826 3300
1227 -1460
2192 -1165
338 312
1843 458
-447 -310
2304 -395
246 348
-49 -632
-3390 23
-1529 -1250
248 -348
412 500
3384 12
208 -1968
336 -308
988 -1636
436 -288
-1912 1344
152 -596
-2903 -1762
-1244 -1472
-2365 725
1936 148
-1043 1444
20 1038
679 -43
743 127
-102 -1073
-1457 101
60 780
-383 -339
-1628 1129
-1901 377
1030 -940
-135 -429
-995 -610
130 238
-796 882
1111 89
-1057 -1444
-2350 -2
-870 -1718
-193 39
-109 -2543
-652 20
648 1862
-709 -173
1067 621
100 -176
180 1244
-252 761
693 2801
76 894
-373 -1179
-616 611
-621 677
-980 -282
1493 -937
-1925 -7
143 263
-2193 -630
-107 -67
-1149 319
-617 109
86 -619
299 -685
51 -221
-767 -411
1447 -148
-813 412
1687 461
653 1427
-2252 11
1554 927
768 -2304
-1792 -1152
-1408 128
256 -128
2560 -1280
1280 128
384 1152
-896 1536
-1408 384
590 -245
-182 728
-20 -285
1152 -384
-1766 -2587
0 546
-387 -3066
-3 529
1788 -705
22 -610
818 173
-1277 -17
-474 -1913
-1946 530
-1237 -312
-805 -307
2421 -702
-1274 -236
-173 -858
-987 1331
53 -648
3068 -98
-500 -1737
1465 -87
460 226
-206 260
177 202
-825 727
48 -278
-412 348
-436 -151
-819 10
-859 575
1048 -65
-1450 -829
-2125 -138
527 -109
-995 338
-281 618
246 177
480 807
-1587 -163
1339 169
10 79
1014 605
1653 179
677 709
-2 -1
6 -2
-5 -9
2 -8
2042 1
1448 -1444
-2049 1
-1446 1448
