586
402
388
472
522
424
530
406
456
648
498
692
488
588
458
682
470
242
530
656
674
538
556
476
584
500
710
472
686
556
562
528
584
600
446
644
466
492
464
552
412
350
518
398
512
472
556
550
542
488
422
428
436
640
452
410
322
404
524
530
494
412
546
470
88
210
-543
89
215
139
376
668
250
564
50
306
403
105
-251
106
73
185
380
-721
771
-297
-378
-437
-379
844
-127
290
5
-92
17
261
-72
495
65
-789
-166
69
-722
-83
-19
36
74
-357
-17
89
-27
-60
369
131
495
-543
827
451
226
448
791
78
202
420
-507
558
-11
-644
120
24
199
-532
100
-287
269
440
-270
-14
50
169
108
77
-39
-537
-313
37
-3
128
-328
-47
-401
32
252
-226
-124
40
-113
318
-100
527
309
74
-41
-96
-217
72
-165
-312
13
92
-148
-299
42
-174
81
-112
54
-70
226
-45
128
69
390
-41
53
28
261
341
37
54
79
-83
56
-256
96
-117
213
60
103
251
-19
-120
-78
225
19
159
-86
-169
-87
190
-44
199
0
135
-46
54
8
3
77
166
-4
-134
-225
360
-271
-8
108
36
30
-176
-68
-126
15
-230
-192
-126
-148
-170
59
-528
-71
-22
-367
-311
-77
46
-120
100
-258
-520
-521
29
-250
43
-488
117
144
124
235
7
32
-78
206
78
-91
55
61
-448
453
56
376
-74
246
88
-336
-20
67
-77
-175
118
113
136
41
-294
277
-113
95
173
355
-343
-16
190
-116
-168
224
-46
248
-142
379
187
-40
74
73
-108
245
-249
219
-165
122
24
-78
105
-27
-143
105
-316
-88
-12
-50
-301
40
181
67
244
132
219
96
62
518
176
-74
261
-128
200
-196
10
-85
292
-189
-398
-363
358
271
357
111
149
-112
-95
-104
-22
-74
150
258
-453
-178
-52
-65
-180
81
86
302
254
-197
77
-44
-140
-284
-164
-104
222
214
16
290
110
38
-141
-489
130
190
126
173
-398
-239
-18
592
-664
70
520
344
-871
-495
-635
-242
185
126
-65
-306
-130
476
396
-603
84
806
-161
-207
429
-9
746
221
-77
395
-797
55
26
185
-578
-342
-624
-651
258
678
-974
-559
-597
259
525
641
-77
57
241
-245
-569
-295
-294
636
259
-633
586
-71
-252
121
324
-469
214
-147
32
293
-53
-208
-367
52
-234
377
149
211
-248
145
53
-51
229
48
-191
129
-245
58
-185
178
-11
-170
-5
-461
-397
157
310
-243
343
-254
-79
-426
-50
-5
330
256
164
-181
-254
255
-249
-339
-127
18
-260
151
608
201
193
-247
225
204
-528
76
346
-173
-2
-37
-269
-320
-100
-216
-347
-91
-106
