-2048
0
-2048
0
-2048
0
-2048
0
-2048
0
-2048
0
-2048
0
-2048
0
-2048
0
-2048
0
-2048
0
-2048
0
-2048
0
-2048
0
-2048
0
-2048
0
-2048
0
-2048
0
-2048
0
-2048
0
-2048
0
-2048
0
-2048
0
-2048
0
-2048
0
-2048
0
-2048
0
-2048
0
-2048
0
-2048
0
-2048
0
-2048
0
-2048
0
-2048
0
-2048
0
-2048
0
-2048
0
-2048
0
-2048
0
-2048
0
-2048
0
-2048
0
-2048
0
-2048
0
-2048
0
-2048
0
-2048
0
-2048
0
-2048
0
-2048
0
-2048
0
-2048
0
-2048
0
-2048
0
-2048
0
-2048
0
-2048
0
-2048
0
-2048
0
-2048
0
-2048
0
-2048
0
-2048
0
-2048
0
-2048
0
-2048
0
-2048
0
-2048
0
-2048
0
-2048
0
-2048
0
-2048
0
-2048
0
-2048
0
-2048
0
-2048
0
-2048
0
-2048
0
-2048
0
-2048
0
-2048
0
-2048
0
-2048
0
-2048
0
-2048
0
-2048
0
-2048
0
-2048
0
-2048
0
-2048
0
-2048
0
-2048
0
-2048
0
-2048
0
-2048
0
-2048
0
-2048
0
-2048
0
-2048
0
-2048
0
-2048
0
-2048
0
-2048
0
-2048
0
-2048
0
-2048
0
-2048
0
-2048
0
-2048
0
-2048
0
-2048
0
-2048
0
-2048
0
-2048
0
-2048
0
-2048
0
-2048
0
-2048
0
-2048
0
-2048
0
-2048
0
-2048
0
-2048
0
-2048
0
-2048
0
-2048
0
-2048
0
-2048
0
4088
4094
-6
0
-1
-1
-5
3
-1729
-2247
1729
-29
1621
886
-1109
2574
-1195
1163
-2895
-363
-1055
-956
-487
-1708
-1083
-269
-589
81
1108
526
1588
-410
-3080
-92
-108
-102
849
-1881
-1757
2479
934
-1046
-818
-1056
949
114
-3113
1960
1180
-1228
1414
1412
-2796
-3
-1334
2791
849
73
2221
593
1311
207
483
999
3942
-996
-562
-96
-1402
610
1502
-1110
-1234
-1211
-1066
181
278
-51
-4130
-107
349
-2635
-1589
805
-314
-2054
-174
-900
-805
1062
-617
-422
462
2581
-848
851
3457
-331
-1249
871
-254
930
-2
-1454
1523
-3338
-2285
-558
2199
1203
-717
185
1894
-2255
1982
-1229
1377
1366
-1077
-3018
-109
4147
785
-461
-3144
-1578
3636
1480
3632
620
-3136
204
772
-924
-100
2900
-1092
-5268
1396
-538
1956
-364
1916
-1722
-714
-42
2200
-162
-2284
-598
1518
-2658
-5
-1791
-265
-199
-1239
-1927
3461
-187
-845
539
459
-757
-609
1247
-809
887
-176
320
-328
1066
-1596
872
364
-2114
-4118
36
268
250
-1063
-318
-1235
-916
1498
-1580
-1396
46
-565
2207
3939
-901
-640
-1536
2176
-2048
2944
384
2176
2176
-1590
570
-1226
610
1152
-2153
1152
-1379
19
2606
-25
970
-3223
-1711
669
763
-2079
2248
469
2594
2081
-447
-4055
553
1259
637
1671
283
-1237
-388
-413
484
229
-2309
-1867
591
-3120
246
-1130
808
-1341
1819
1833
-859
1663
1691
-1643
337
-7
8
3
4
-7
2
4091
2894
