0
0
0
0
0
0
0
0
0
0
0
0
0
0
0
0
0
0
0
0
0
0
0
0
0
0
0
0
0
0
0
0
0
0
0
0
0
0
0
0
0
0
0
0
0
0
0
0
0
0
0
0
0
0
0
0
0
0
0
0
0
0
0
0
0
0
0
0
0
0
0
0
0
0
0
0
0
0
0
0
0
0
0
0
0
0
0
0
0
0
0
0
0
0
0
0
0
0
0
0
0
0
0
0
0
0
0
0
0
0
0
0
0
0
0
0
0
0
0
0
0
0
0
0
0
0
0
0
0
0
0
0
0
0
0
0
0
0
0
0
0
0
0
0
0
0
0
0
0
0
0
0
0
0
0
0
0
0
0
0
0
0
0
0
0
0
0
0
0
0
0
0
0
0
0
0
0
0
0
0
0
0
0
0
0
0
0
0
0
0
0
0
0
0
0
0
0
0
0
0
0
0
0
0
0
0
0
0
0
0
0
0
0
0
0
0
0
0
0
0
0
0
0
0
0
0
0
0
0
0
0
0
0
0
0
0
0
0
0
0
0
0
0
0
0
0
0
0
0
0
0
0
0
0
0
0
-3
-4
-2
-2
-1
-2
-3
1
384
-1741
637
1338
-384
-165
-819
1033
64
157
274
-204
64
-235
162
-1041
-647
-92
260
538
263
-192
39
281
-424
997
811
-992
-344
-1531
-72
967
-88
182
167
-731
-168
-754
-1030
1119
1563
720
377
-1807
997
-1970
-187
-636
191
-361
342
-42
65
91
120
552
-456
-1474
12
1760
224
834
-148
-278
-320
363
-606
-280
0
-283
-634
-120
-613
-56
-280
405
-771
-2466
899
-1086
178
-1205
-181
1017
-38
1875
22
1778
-86
1769
-12
-1834
428
1137
229
65
338
346
378
51
-128
822
110
608
-146
-304
1037
448
590
3300
-1460
-1165
312
458
-310
-395
348
-632
23
-1250
-348
500
12
-1968
-308
-1636
-288
1344
-596
-1762
-1472
725
148
1444
1038
-43
127
-1073
101
780
-339
1129
377
-940
-429
-610
238
882
89
-1444
-2
-1718
39
-2543
20
1862
-173
621
-176
1244
761
2801
894
-1179
611
677
-282
-937
-7
263
-630
-67
319
109
-619
-685
-221
-411
-148
412
461
1427
11
927
-2304
-1152
128
-128
-1280
128
1152
1536
384
-245
728
-285
-384
-2587
546
-3066
529
-705
-610
173
-17
-1913
530
-312
-307
-702
-236
-858
1331
-648
-98
-1737
-87
226
260
202
727
-278
348
-151
10
575
-65
-829
-138
-109
338
618
177
807
-163
169
79
605
179
709
-1
-2
-9
-8
1
-1444
1
1448
