-2048
-2048
-2048
-2048
-2048
-2048
-2048
-2048
-2048
-2048
-2048
-2048
-2048
-2048
-2048
-2048
-2048
-2048
-2048
-2048
-2048
-2048
-2048
-2048
-2048
-2048
-2048
-2048
-2048
-2048
-2048
-2048
-2048
-2048
-2048
-2048
-2048
-2048
-2048
-2048
-2048
-2048
-2048
-2048
-2048
-2048
-2048
-2048
-2048
-2048
-2048
-2048
-2048
-2048
-2048
-2048
-2048
-2048
-2048
-2048
-2048
-2048
-2048
-2048
-2048
-2048
-2048
-2048
-2048
-2048
-2048
-2048
-2048
-2048
-2048
-2048
-2048
-2048
-2048
-2048
-2048
-2048
-2048
-2048
-2048
-2048
-2048
-2048
-2048
-2048
-2048
-2048
-2048
-2048
-2048
-2048
-2048
-2048
-2048
-2048
-2048
-2048
-2048
-2048
-2048
-2048
-2048
-2048
-2048
-2048
-2048
-2048
-2048
-2048
-2048
-2048
-2048
-2048
-2048
-2048
-2048
-2048
-2048
-2048
-2048
-2048
-2048
-2048
-2048
-2048
-2048
-2048
-2048
-2048
-2048
-2048
-2048
-2048
-2048
-2048
-2048
-2048
-2048
-2048
-2048
-2048
-2048
-2048
-2048
-2048
-2048
-2048
-2048
-2048
-2048
-2048
-2048
-2048
-2048
-2048
-2048
-2048
-2048
-2048
-2048
-2048
-2048
-2048
-2048
-2048
-2048
-2048
-2048
-2048
-2048
-2048
-2048
-2048
-2048
-2048
-2048
-2048
-2048
-2048
-2048
-2048
-2048
-2048
-2048
-2048
-2048
-2048
-2048
-2048
-2048
-2048
-2048
-2048
-2048
-2048
-2048
-2048
-2048
-2048
-2048
-2048
-2048
-2048
-2048
-2048
-2048
-2048
-2048
-2048
-2048
-2048
-2048
-2048
-2048
-2048
-2048
-2048
-2048
-2048
-2048
-2048
-2048
-2048
-2048
-2048
-2048
-2048
-2048
-2048
-2048
-2048
-2048
-2048
-2048
-2048
-2048
-2048
-2048
-2048
-2048
-2048
-2048
-2048
-2048
-2048
-2048
-2048
-2048
-2048
-2048
-2048
8182
-6
-8
-4
-2
0
-9
-1
-3976
518
-1350
4808
2861
381
-3776
1558
-32
-2358
-2534
-3256
-2633
523
1290
-2264
-1352
-814
-1219
41
1543
673
1543
1633
-3172
-2988
1881
-2097
-880
2578
-5276
1762
-112
1980
95
-1731
1288
610
-5823
-403
-48
2408
3941
-1113
-4641
-951
-4251
1583
922
776
1902
2540
1912
710
-549
1515
2946
4938
-3796
2672
-578
-2226
3073
-69
-2445
-23
-423
-1709
-43
599
-4170
-4090
-2286
2984
-2050
-1128
-4278
3650
-513
165
257
-1867
-2839
1605
4870
-3946
-1381
-315
3126
3788
2354
-4852
1253
-1761
1784
-1788
-1815
4861
-1990
-2580
4061
337
-696
-738
-361
4149
1230
2734
3852
-1098
4214
-6368
4038
-4256
1638
-68
-5590
-698
3027
4245
4252
3012
-668
-5604
-88
1632
-4257
4057
-6360
4176
-1091
3883
2689
1223
4185
-353
-756
-672
347
4053
-2573
-1995
4860
-1824
-1796
1786
-1757
1227
-4837
2359
3787
3135
-306
-1384
-3946
4864
1591
-2809
-1877
259
144
-496
3652
-4308
-1163
-2029
3000
-2272
-4082
-4154
598
-62
-1695
-431
-26
-2444
-82
3078
-2219
-573
2660
-3790
4930
2948
-2176
896
1152
3200
4392
1496
-358
4710
-1020
-2160
-1186
-1266
-4367
6671
2466
-162
2625
-2587
-903
853
-6006
-440
-1002
2340
169
-4327
625
313
79
4083
-3676
-4434
1896
622
1695
1647
-1815
-659
-845
19
-2080
2538
-463
-3271
-2586
-3654
-2215
-45
478
-3160
2471
1195
3788
-462
-1955
-1331
1
-15
9
-3
-3
-11
0
8182
