-2048
0
-2048
0
-2048
0
-2048
0
-2048
0
-2048
0
-2048
0
-2048
0
-2048
0
-2048
0
-2048
0
-2048
0
-2048
0
-2048
0
-2048
0
-2048
0
-2048
0
-2048
0
-2048
0
-2048
0
-2048
0
-2048
0
-2048
0
-2048
0
-2048
0
-2048
0
-2048
0
-2048
0
-2048
0
-2048
0
-2048
0
-2048
0
-2048
0
-2048
0
-2048
0
-2048
0
-2048
0
-2048
0
-2048
0
-2048
0
-2048
0
-2048
0
-2048
0
-2048
0
-2048
0
-2048
0
-2048
0
-2048
0
-2048
0
-2048
0
-2048
0
-2048
0
-2048
0
-2048
0
-2048
0
-2048
0
-2048
0
-2048
0
-2048
0
-2048
0
-2048
0
-2048
0
-2048
0
-2048
0
-2048
0
-2048
0
-2048
0
-2048
0
-2048
0
-2048
0
-2048
0
-2048
0
-2048
0
-2048
0
-2048
0
-2048
0
-2048
0
-2048
0
-2048
0
-2048
0
-2048
0
-2048
0
-2048
0
-2048
0
-2048
0
-2048
0
-2048
0
-2048
0
-2048
0
-2048
0
-2048
0
-2048
0
-2048
0
-2048
0
-2048
0
-2048
0
-2048
0
-2048
0
-2048
0
-2048
0
-2048
0
-2048
0
-2048
0
-2048
0
-2048
0
-2048
0
-2048
0
-2048
0
-2048
0
-2048
0
-2048
0
-2048
0
-2048
0
-2048
0
-2048
0
-2048
0
-2048
0
-2048
0
-2048
0
-2048
0
-2048
0
-2048
0
-2048
0
-2048
0
-2048
0
-2048
0
-2048
0
-2048
0
4088
4094
-6
-2
-1
-1
-5
-4
-1729
-2247
1729
-3079
1621
1240
-1109
-2667
-1195
1163
-2895
361
-1055
-1578
-487
1777
-1083
-269
-589
-630
1108
435
1588
-45
-3080
-92
-108
1989
849
-1729
-1757
-3519
934
-1046
-818
913
949
339
-3113
-2710
1180
-1228
1414
2527
-2796
-1845
-1334
-2917
849
73
2221
-319
1311
601
483
-1032
3942
-996
-562
-3234
-1402
824
1502
1571
-1234
-1211
-1066
643
278
-321
-4130
-40
349
-2635
-1589
-461
-314
-3964
-174
-339
-805
1062
-617
-2222
462
4408
-848
-533
3457
-331
-1249
3603
-254
1507
-2
1786
1523
-3338
-2285
295
2199
1862
-717
21
1894
-2255
1982
-752
1377
2475
-1077
5291
-109
4147
785
853
-3144
-2446
3636
-609
3632
620
-3136
2468
772
-860
-100
-4157
-1092
-5268
1396
-2487
1956
733
1916
2269
-714
-42
2200
-1853
-2284
-289
1518
3342
-5
-1791
-265
-1492
-1239
-3598
3461
326
-845
539
459
-4405
-609
2200
-809
-1068
-176
320
-328
3980
-1596
433
364
2636
-4118
36
268
330
-1063
-632
-1235
1209
1498
-1580
-1396
-823
-565
3225
3939
991
-640
-1536
2176
-1024
2944
1448
2176
-2534
-1590
570
-1226
40
1152
-5519
1152
1314
19
2606
-25
-878
-3223
-2783
669
-1671
-2079
2248
469
156
2081
-2002
-4055
379
1259
637
1671
24
-1237
-578
-413
-432
229
-2309
-1867
1404
-3120
534
-1130
-1085
-1341
1819
1833
638
1663
2125
-1643
-312
-7
8
3
6
-7
4
4091
-4091
