-2048
0
0
0
0
0
0
0
-2048
0
0
0
0
0
0
0
-2048
0
0
0
0
0
0
0
-2048
0
0
0
0
0
0
0
-2048
0
0
0
0
0
0
0
-2048
0
0
0
0
0
0
0
-2048
0
0
0
0
0
0
0
-2048
0
0
0
0
0
0
0
-2048
0
0
0
0
0
0
0
-2048
0
0
0
0
0
0
0
-2048
0
0
0
0
0
0
0
-2048
0
0
0
0
0
0
0
-2048
0
0
0
0
0
0
0
-2048
0
0
0
0
0
0
0
-2048
0
0
0
0
0
0
0
-2048
0
0
0
0
0
0
0
-2048
0
0
0
0
0
0
0
-2048
0
0
0
0
0
0
0
-2048
0
0
0
0
0
0
0
-2048
0
0
0
0
0
0
0
-2048
0
0
0
0
0
0
0
-2048
0
0
0
0
0
0
0
-2048
0
0
0
0
0
0
0
-2048
0
0
0
0
0
0
0
-2048
0
0
0
0
0
0
0
-2048
0
0
0
0
0
0
0
-2048
0
0
0
0
0
0
0
-2048
0
0
0
0
0
0
0
-2048
0
0
0
0
0
0
0
-2048
0
0
0
0
0
0
0
-2048
0
0
0
0
0
0
0
-2048
0
0
0
0
0
0
0
1019
1024
1025
1023
1022
1023
1022
1024
128
296
-455
-1071
-128
-1434
-1274
-38
-1408
-466
344
902
-637
866
506
-139
256
-18
-143
-228
-1092
-76
-104
53
-1024
101
-707
-481
-570
-198
-779
486
-512
-7
953
-557
570
-1044
-77
562
-384
743
35
-342
1681
-651
-152
-978
1216
468
-403
-406
319
-135
-283
146
870
-398
1200
-86
820
-148
1052
-364
-1538
-297
275
-288
388
-218
-359
-408
-432
-1196
35
-317
-188
281
934
-1403
-452
1018
-58
-518
-259
-698
-36
1260
488
4
1062
-333
616
266
1291
-268
180
-627
897
-999
-561
-1321
1007
-391
1044
-1284
708
326
894
-458
-752
-839
292
897
-235
1777
46
946
-212
527
292
700
1836
-568
-44
-288
1548
776
1044
-1973
-1141
-1161
-892
-930
-103
-1204
180
-865
-917
500
563
763
-540
-440
488
-1026
66
461
-623
31
64
-1257
-451
479
-238
-298
258
-588
-414
946
-434
36
179
282
182
657
-103
-655
-1537
-237
-787
289
-388
380
-1406
-396
869
-57
718
-870
-818
-710
729
57
1664
-256
-1280
-640
-896
-1536
-128
896
-128
-588
-364
1523
-1280
1178
182
-1543
-640
657
-254
565
637
1131
276
253
-896
1237
-588
782
91
1184
-686
-955
320
254
-277
164
1145
206
71
13
-1472
-166
355
-1034
653
-693
693
-416
128
747
-883
315
118
-267
-704
1024
1020
727
-3
-723
-1022
-721
-2
725
