0
0
0
0
0
0
0
0
0
0
0
0
0
0
0
0
0
0
0
0
0
0
0
0
0
0
0
0
0
0
0
0
0
0
0
0
0
0
0
0
0
0
0
0
0
0
0
0
0
0
0
0
0
0
0
0
0
0
0
0
0
0
0
0
0
0
0
0
0
0
0
0
0
0
0
0
0
0
0
0
0
0
0
0
0
0
0
0
0
0
0
0
0
0
0
0
0
0
0
0
0
0
0
0
0
0
0
0
0
0
0
0
0
0
0
0
0
0
0
0
0
0
0
0
0
0
0
0
0
0
0
0
0
0
0
0
0
0
0
0
0
0
0
0
0
0
0
0
0
0
0
0
0
0
0
0
0
0
0
0
0
0
0
0
0
0
0
0
0
0
0
0
0
0
0
0
0
0
0
0
0
0
0
0
0
0
0
0
0
0
0
0
0
0
0
0
0
0
0
0
0
0
0
0
0
0
0
0
0
0
0
0
0
0
0
0
0
0
0
0
0
0
0
0
0
0
0
0
0
0
0
0
0
0
0
0
0
0
0
0
0
0
0
0
0
0
0
0
0
0
0
0
0
0
0
0
-5
-6
-1
-2
-4
-1
2
-3
1021
-403
-253
-3079
-1203
868
435
-1198
338
-47
-210
361
226
-1276
-98
806
-387
446
-907
-630
302
89
224
-473
387
5
-1235
1989
-416
-564
-272
-2498
79
-549
-255
913
-1198
365
862
-1873
1940
-1087
1186
2527
810
-2606
1184
-1334
533
-403
-151
-319
185
643
-55
-461
-444
286
-468
-3234
76
556
372
1112
-926
83
286
643
-634
-403
634
-163
-893
349
-333
-461
128
-3552
-1670
-1380
-3
-188
359
-2222
-16
3653
-60
97
-98
-65
-74
3603
657
1202
199
1072
716
397
-40
295
-18
1430
-238
214
891
144
-1183
-752
-870
2135
2050
4465
2
63
622
853
371
-1882
325
618
-336
-1468
-360
2468
-596
-292
-20
-2980
-2068
-1037
876
-2487
1186
1401
-890
1487
228
-293
26
-1853
38
189
-716
2069
-191
272
-667
-1492
87
-3162
91
274
59
-681
19
-4405
-349
1865
3
-623
1655
1622
-133
3980
329
-260
893
1614
-637
196
623
330
-300
-576
938
794
-369
1
-73
-823
472
2354
450
500
-2176
-1280
-2432
-1024
-128
1664
-2432
-1408
1112
-530
-344
40
162
-5653
-930
479
-81
-532
1139
-878
513
-2225
-547
-1601
-543
-1560
-71
156
1233
-2385
1429
1089
173
428
-347
24
1075
-429
379
-127
-55
-254
75
1404
200
509
-476
-727
14
976
340
638
258
1314
-100
-104
-10
-10
8
6
2
4
0
-2892
