0
0
0
0
0
0
0
0
0
0
0
0
0
0
0
0
0
0
0
0
0
0
0
0
0
0
0
0
0
0
0
0
0
0
0
0
0
0
0
0
0
0
0
0
0
0
0
0
0
0
0
0
0
0
0
0
0
0
0
0
0
0
0
0
0
0
0
0
0
0
0
0
0
0
0
0
0
0
0
0
0
0
0
0
0
0
0
0
0
0
0
0
0
0
0
0
0
0
0
0
0
0
0
0
0
0
0
0
0
0
0
0
0
0
0
0
0
0
0
0
0
0
0
0
0
0
0
0
0
0
0
0
0
0
0
0
0
0
0
0
0
0
0
0
0
0
0
0
0
0
0
0
0
0
0
0
0
0
0
0
0
0
0
0
0
0
0
0
0
0
0
0
0
0
0
0
0
0
0
0
0
0
0
0
0
0
0
0
0
0
0
0
0
0
0
0
0
0
0
0
0
0
0
0
0
0
0
0
0
0
0
0
0
0
0
0
0
0
0
0
0
0
0
0
0
0
0
0
0
0
0
0
0
0
0
0
0
0
0
0
0
0
0
0
0
0
0
0
0
0
0
0
0
0
0
0
-5
-6
-1
0
-4
0
2
0
1021
-403
-253
29
-1203
-13
435
-973
338
-47
-210
363
226
-226
-98
638
-387
446
-907
-81
302
-309
224
624
387
5
-1235
102
-416
931
-272
13
79
-549
-255
1056
-1198
177
862
-62
1940
-1087
1186
-1412
810
-1840
1184
-1030
533
-403
-151
-593
185
308
-55
-380
-444
286
-468
96
76
-38
372
-1
-926
83
286
-181
-634
-249
634
191
-893
349
-333
-805
128
-1059
-1670
1612
-3
-188
359
422
-16
758
-60
-670
-98
-65
-74
-871
657
192
199
270
716
397
-40
558
-18
160
-238
-282
891
144
-1183
1229
-870
544
2050
-1023
2
63
622
461
371
-215
325
-1483
-336
-1468
-360
-204
-596
447
-20
57
-2068
-1037
876
538
1186
1248
-890
166
228
-293
26
162
38
556
-716
416
-191
272
-667
199
87
-873
91
-62
59
-681
19
757
-349
437
3
-187
1655
1622
-133
-1066
329
-800
893
354
-637
196
623
-250
-300
-182
938
86
-369
1
-73
-46
472
104
450
284
-2176
-1280
-2432
2048
-128
905
-2432
-543
1112
-530
-344
-610
162
-2475
-930
636
-81
-532
1139
-970
513
-363
-547
592
-543
-1560
-71
-2594
1233
-1370
1429
-1161
173
428
-347
-283
1075
-29
379
-252
-55
-254
75
-591
200
186
-476
-57
14
976
340
859
258
-267
-100
-165
-10
-10
8
-4
2
1
0
-1
