0
0
0
0
0
0
0
0
0
0
0
0
0
0
0
0
0
0
0
0
0
0
0
0
0
0
0
0
0
0
0
0
0
0
0
0
0
0
0
0
0
0
0
0
0
0
0
0
0
0
0
0
0
0
0
0
0
0
0
0
0
0
0
0
0
0
0
0
0
0
0
0
0
0
0
0
0
0
0
0
0
0
0
0
0
0
0
0
0
0
0
0
0
0
0
0
0
0
0
0
0
0
0
0
0
0
0
0
0
0
0
0
0
0
0
0
0
0
0
0
0
0
0
0
0
0
0
0
0
0
0
0
0
0
0
0
0
0
0
0
0
0
0
0
0
0
0
0
0
0
0
0
0
0
0
0
0
0
0
0
0
0
0
0
0
0
0
0
0
0
0
0
0
0
0
0
0
0
0
0
0
0
0
0
0
0
0
0
0
0
0
0
0
0
0
0
0
0
0
0
0
0
0
0
0
0
0
0
0
0
0
0
0
0
0
0
0
0
0
0
0
0
0
0
0
0
0
0
0
0
0
0
0
0
0
0
0
0
0
0
0
0
0
0
0
0
0
0
0
0
0
0
0
0
0
0
-3
-4
-2
-2
-1
-2
2
-2
384
-1741
637
1338
-384
-165
1365
-844
64
157
274
-204
64
-235
-284
376
-647
-92
260
538
263
-192
-240
468
-424
997
811
-992
-344
-1531
1303
-2180
-88
182
167
-731
-168
-754
2031
-923
1563
720
377
-1807
997
-1970
-731
-1397
191
-361
342
-42
65
91
414
-396
-456
-1474
12
1760
224
834
-1452
860
-320
363
-606
-280
0
-283
2204
28
-613
-56
-280
405
-771
-2466
-70
-577
178
-1205
-181
1017
-38
1875
655
865
-86
1769
-12
-1834
428
1137
-126
1192
338
346
378
51
-128
822
1458
509
-146
-304
1037
448
590
3300
1227
2192
312
458
-310
-395
348
-632
-3390
-1529
-348
500
12
-1968
-308
-1636
436
-1912
-596
-1762
-1472
725
148
1444
20
679
127
-1073
101
780
-339
1129
-1901
1030
-429
-610
238
882
89
-1444
-2350
-870
39
-2543
20
1862
-173
621
100
180
761
2801
894
-1179
611
677
-980
1493
-7
263
-630
-67
319
109
86
299
-221
-411
-148
412
461
1427
-2252
1554
-2304
-1152
128
-128
-1280
128
384
-896
384
-245
728
-285
-384
-2587
0
-387
529
-705
-610
173
-17
-1913
-1946
-1237
-307
-702
-236
-858
1331
-648
3068
-500
-87
226
260
202
727
-278
-412
-436
10
575
-65
-829
-138
-109
-995
-281
177
807
-163
169
79
605
1653
677
-1
-2
-9
-8
1
-1444
-2049
-1446
