41216
44160
19328
28928
33792
33024
38784
28032
29696
33280
22400
31872
38912
30080
27136
32768
22784
26880
18432
34048
26496
33664
41344
22528
34560
30592
20608
25472
24448
38016
38144
25344
27520
27264
26624
28416
36608
33792
43776
25856
32512
33792
28928
38144
29312
26752
49280
34816
40960
37760
25856
18432
35072
32000
32128
25088
35840
29184
40064
29312
33536
37376
28800
35328
-3328
3306
10513
2642
4817
11036
971
-1754
4978
7654
-6945
198
7346
-9357
-9945
538
1365
-4049
-1791
-7232
3813
-9284
12730
950
-4730
-7735
-3413
1953
-6399
-6711
7343
9432
-5376
-3450
7721
4224
1180
-6076
572
3194
5936
-8946
-4837
-22
-4741
-424
-315
-8303
13195
-6909
7479
-2902
-2802
-10032
-5177
-2849
-831
-5824
-3678
8401
-8679
11464
368
9010
12416
10996
-3122
-348
2495
10059
-2200
-1812
-3137
1015
9610
3798
-6519
540
-2291
-6905
5541
6188
3731
-16160
1516
-2094
-5170
10048
6564
-1524
-594
3539
-360
3553
-3696
-983
7917
-2149
1606
-9786
-11943
-9418
-4516
-5462
5981
-2804
4642
-1761
2323
-382
-1605
-1443
4460
17464
4895
5204
49
11603
-3596
-1864
5313
10416
-1343
-3911
8209
9771
-7706
3396
2944
4434
-20197
-9664
2727
3221
-1137
2034
4849
-10516
-8470
2427
4302
1237
-2398
-15654
7296
10242
-8122
-2264
0
358
-3652
-1637
-7910
369
-2242
-5031
4696
5412
-2821
-991
-5733
-1894
-10319
-7112
-205
-9087
6862
-7468
2065
3978
4716
-2467
-2339
-610
-1922
4992
-3767
5954
-2838
-4304
846
-865
12619
3169
1539
2154
6033
-2783
-1758
-5597
9740
-6038
-3968
-62
4818
-3343
5468
7480
-1364
-3954
10563
6746
-15085
6053
9384
-2356
-6780
1342
-11123
2139
-4553
4515
1302
9810
4720
8373
-3369
-3956
778
-5960
-2206
-16170
-10484
-993
10078
-8156
3588
-2925
-12596
-1658
10990
14488
4041
-4508
-17901
-357
12870
-1013
4700
-3399
-10031
-6222
7944
799
1413
1020
2436
-13200
369
-3852
-212
4474
21363
-2461
2039
6630
1664
4264
-5305
5081
12772
1383
4419
-6664
-692
2836
-6033
-5720
9051
-1102
-6100
-3618
-3509
8650
-2502
-2472
-310
-11334
2210
268
11530
11981
6487
-2318
-7424
7736
-2790
3343
-3715
-5186
1899
-1823
-5162
-512
525
-742
1485
4926
3740
-22472
1752
15213
-1214
5648
12047
825
6657
7562
1488
6550
-1124
8220
743
-1290
-2990
1666
-198
-10268
-1025
-13024
7168
-12405
1336
6794
-15237
-8525
-11880
-8188
3968
13614
5236
8090
-10324
-947
2571
-3601
-7056
2975
-2442
-2678
8001
5817
5166
637
-900
3918
841
7097
10252
820
8258
-3100
3820
1050
-2466
-3195
-4402
-1142
10256
-6965
-1629
-2816
-1040
3732
8552
10499
1655
1314
-1947
5755
-2419
8355
1824
-2815
923
1388
-9434
7211
9400
5728
4590
9260
-5939
5496
1280
6165
-2242
7303
8657
5247
-4128
-3912
3285
1205
298
-5139
-5346
3153
10898
2115
-154
3335
1799
-11800
-618
-625
-1656
9826
-2241
5122
7545
-3019
-6491
5832
3188
-1974
-6978
-657
9587
189
2808
-7247
8645
-6525
-3240
3014
1140
4807
7232
-5084
-6065
4140
-2211
-1416
-3393
-7216
-5053
-4826
3343
-11010
-16562
-647
-1017
-1545
-144
7433
-5021
334
