0
0
0
0
0
0
0
0
0
0
0
0
0
0
0
0
0
0
0
0
0
0
0
0
0
0
0
0
0
0
0
0
0
0
0
0
0
0
0
0
0
0
0
0
0
0
0
0
0
0
0
0
0
0
0
0
0
0
0
0
0
0
0
0
0
0
0
0
0
0
0
0
0
0
0
0
0
0
0
0
0
0
0
0
0
0
0
0
0
0
0
0
0
0
0
0
0
0
0
0
0
0
0
0
0
0
0
0
0
0
0
0
0
0
0
0
0
0
0
0
0
0
0
0
0
0
0
0
0
0
0
0
0
0
0
0
0
0
0
0
0
0
0
0
0
0
0
0
0
0
0
0
0
0
0
0
0
0
0
0
0
0
0
0
0
0
0
0
0
0
0
0
0
0
0
0
0
0
0
0
0
0
0
0
0
0
0
0
0
0
0
0
0
0
0
0
0
0
0
0
0
0
0
0
0
0
0
0
0
0
0
0
0
0
0
0
0
0
0
0
0
0
0
0
0
0
0
0
0
0
0
0
0
0
0
0
0
0
0
0
0
0
0
0
0
0
0
0
0
0
0
0
0
0
0
0
0
-130
131
-261
6
8
9
-117
-394
-14
0
144
-216
126
-126
252
-252
-179
56
-190
124
-91
-68
-87
122
0
0
-84
328
-240
27
48
-69
-68
-52
232
-232
3
-58
-55
-53
-112
96
239
-110
67
68
37
212
0
74
-29
152
-204
-101
100
279
98
-97
-96
86
275
88
92
0
136
111
23
-31
-39
192
-169
53
-67
-148
180
0
-89
84
0
0
-64
0
100
43
-159
0
146
13
-10
0
0
0
0
34
121
-69
-171
-111
0
0
82
93
7
-18
-104
0
112
-116
-190
-40
91
0
0
9
126
0
-254
82
125
-37
120
-221
114
-66
72
-79
-96
0
-123
-137
14
-19
-23
-278
91
-159
-42
-92
-68
0
114
-111
0
0
104
0
-196
-95
3
0
11
-81
156
0
0
0
0
58
116
-69
-165
-122
0
0
27
126
-110
114
-8
0
-2
6
150
-127
-146
0
0
123
-161
0
96
182
-56
113
-64
284
-72
103
-100
97
87
0
-3211
-6492
-9473
-12417
-15371
-18063
-20586
-22932
-25271
-27326
-28937
-30096
-31276
-31966
-32724
-32952
-32746
-31912
-31280
-30299
-28925
-27536
-25360
-23072
-20648
-18324
-15628
-12280
-9744
-6276
-3039
-69
2913
6420
9772
12432
15624
18396
20754
22843
25389
27584
28801
30213
31309
31963
32780
32696
32672
32149
31305
30008
28784
27269
25278
22887
20901
18184
15435
12464
9493
6401
3354
