-128 0
0 0
0 0
0 0
0 0
0 0
0 0
0 0
0 0
0 0
0 0
0 0
0 0
0 0
0 0
0 0
0 0
0 0
0 0
0 0
0 0
0 0
0 0
0 0
0 0
0 0
0 0
0 0
0 0
0 0
0 0
0 0
0 0
0 0
0 0
0 0
0 0
0 0
0 0
0 0
0 0
0 0
0 0
0 0
0 0
0 0
0 0
0 0
0 0
0 0
0 0
0 0
0 0
0 0
0 0
0 0
0 0
0 0
0 0
0 0
0 0
0 0
0 0
0 0
-128 0
0 0
0 0
0 0
0 0
0 0
0 0
0 0
0 0
0 0
0 0
0 0
0 0
0 0
0 0
0 0
0 0
0 0
0 0
0 0
0 0
0 0
0 0
0 0
0 0
0 0
0 0
0 0
0 0
0 0
0 0
0 0
0 0
0 0
0 0
0 0
0 0
0 0
0 0
0 0
0 0
0 0
0 0
0 0
0 0
0 0
0 0
0 0
0 0
0 0
0 0
0 0
0 0
0 0
0 0
0 0
0 0
0 0
0 0
0 0
0 0
0 0
0 0
0 0
-128 0
0 0
0 0
0 0
0 0
0 0
0 0
0 0
0 0
0 0
0 0
0 0
0 0
0 0
0 0
0 0
0 0
0 0
0 0
0 0
0 0
0 0
0 0
0 0
0 0
0 0
0 0
0 0
0 0
0 0
0 0
0 0
0 0
0 0
0 0
0 0
0 0
0 0
0 0
0 0
0 0
0 0
0 0
0 0
0 0
0 0
0 0
0 0
0 0
0 0
0 0
0 0
0 0
0 0
0 0
0 0
0 0
0 0
0 0
0 0
0 0
0 0
0 0
0 0
-128 0
0 0
0 0
0 0
0 0
0 0
0 0
0 0
0 0
0 0
0 0
0 0
0 0
0 0
0 0
0 0
0 0
0 0
0 0
0 0
0 0
0 0
0 0
0 0
0 0
0 0
0 0
0 0
0 0
0 0
0 0
0 0
0 0
0 0
0 0
0 0
0 0
0 0
0 0
0 0
0 0
0 0
0 0
0 0
0 0
0 0
0 0
0 0
0 0
0 0
0 0
0 0
0 0
0 0
0 0
0 0
0 0
0 0
0 0
0 0
0 0
0 0
0 0
0 0
32512 0
32902 -130
32661 131
32936 -261
32712 6
32768 8
32802 9
32871 -117
32684 -394
32777 -14
32770 0
32726 144
32688 -216
32572 126
32698 -126
32856 252
32952 -252
32931 -179
32568 56
32740 -190
32705 124
32773 -91
32816 -68
32691 -87
32543 122
32810 0
32968 0
33052 -84
32824 328
32760 -240
32838 27
32811 48
32483 -69
32680 -68
32903 -52
32636 232
32852 -232
33008 3
32834 -58
32781 -55
32565 -53
32714 -112
32928 96
32676 239
32846 -110
32631 67
32468 68
32875 37
32696 212
32840 0
32897 74
32703 -29
32564 152
32820 -204
32805 -101
32880 100
32787 279
32738 98
32846 -97
32797 -96
32747 86
32890 275
32693 88
32859 92
0 0
-120 136
143 111
-126 23
124 -31
122 -39
211 192
63 -169
173 53
109 -67
210 -148
-20 180
0 0
-92 -89
97 84
0 0
0 0
-111 -64
0 0
236 100
121 43
-87 -159
0 0
106 146
127 13
-256 -10
0 0
0 0
0 0
0 0
-123 34
42 121
-167 -69
59 -171
-63 -111
0 0
0 0
-98 82
88 93
-181 7
180 -18
75 -104
0 0
-62 112
55 -116
215 -190
-122 -40
-157 91
0 0
0 0
128 9
-130 126
0 0
-28 -254
274 82
30 125
122 -37
45 120
182 -221
59 114
110 -66
-106 72
101 -79
-85 -96
0 0
-133 -123
119 -137
-127 14
127 -19
126 -23
69 -278
157 91
85 -159
121 -42
238 -92
-168 -68
0 0
59 114
-63 -111
0 0
0 0
75 104
0 0
-164 -196
-86 -95
181 3
0 0
-181 11
-99 -81
204 156
0 0
0 0
0 0
0 0
114 58
-53 116
167 -69
-75 -165
40 -122
0 0
0 0
125 27
-22 126
144 -110
-140 114
-128 -8
0 0
128 -2
-128 6
-245 150
-16 -127
106 -146
0 0
0 0
34 123
83 -161
0 0
-238 96
221 182
115 -56
60 113
111 -64
28 284
106 -72
76 103
-80 -100
84 97
-94 87
32512 0
32863 -3211
31976 -6492
31604 -9473
30339 -12417
28732 -15371
27171 -18063
25518 -20586
23382 -22932
20968 -25271
18232 -27326
15335 -28937
12672 -30096
9397 -31276
6475 -31966
3168 -32724
252 -32952
-3203 -32746
-6424 -31912
-9408 -31280
-12713 -30299
-15535 -28925
-18216 -27536
-20628 -25360
-23115 -23072
-25426 -20648
-27356 -18324
-29124 -15628
-30368 -12280
-31344 -9744
-32244 -6276
-32682 -3039
-32483 -69
-32531 2913
-32287 6420
-31300 9772
-30344 12432
-29131 15624
-27227 18396
-25216 20754
-23047 22843
-20752 25389
-18112 27584
-15337 28801
-12704 30213
-9442 31309
-6272 31963
-3100 32780
212 32696
2984 32672
6448 32149
9335 31305
12524 30008
15324 28784
18278 27269
21008 25278
23389 22887
25298 20901
27137 18184
28920 15435
30347 12464
31504 9493
32170 6401
32630 3354
