-128
0
0
0
0
0
0
0
0
0
0
0
0
0
0
0
0
0
0
0
0
0
0
0
0
0
0
0
0
0
0
0
0
0
0
0
0
0
0
0
0
0
0
0
0
0
0
0
0
0
0
0
0
0
0
0
0
0
0
0
0
0
0
0
-128
0
0
0
0
0
0
0
0
0
0
0
0
0
0
0
0
0
0
0
0
0
0
0
0
0
0
0
0
0
0
0
0
0
0
0
0
0
0
0
0
0
0
0
0
0
0
0
0
0
0
0
0
0
0
0
0
0
0
0
0
0
0
0
-128
0
0
0
0
0
0
0
0
0
0
0
0
0
0
0
0
0
0
0
0
0
0
0
0
0
0
0
0
0
0
0
0
0
0
0
0
0
0
0
0
0
0
0
0
0
0
0
0
0
0
0
0
0
0
0
0
0
0
0
0
0
0
0
-128
0
0
0
0
0
0
0
0
0
0
0
0
0
0
0
0
0
0
0
0
0
0
0
0
0
0
0
0
0
0
0
0
0
0
0
0
0
0
0
0
0
0
0
0
0
0
0
0
0
0
0
0
0
0
0
0
0
0
0
0
0
0
0
32512
32902
32661
32936
32712
32768
32802
32871
32684
32777
32770
32726
32688
32572
32698
32856
32952
32931
32568
32740
32705
32773
32816
32691
32543
32810
32968
33052
32824
32760
32838
32811
32483
32680
32903
32636
32852
33008
32834
32781
32565
32714
32928
32676
32846
32631
32468
32875
32696
32840
32897
32703
32564
32820
32805
32880
32787
32738
32846
32797
32747
32890
32693
32859
0
-120
143
-126
124
122
211
63
173
109
210
-20
0
-92
97
0
0
-111
0
236
121
-87
0
106
127
-256
0
0
0
0
-123
42
-167
59
-63
0
0
-98
88
-181
180
75
0
-62
55
215
-122
-157
0
0
128
-130
0
-28
274
30
122
45
182
59
110
-106
101
-85
0
-133
119
-127
127
126
69
157
85
121
238
-168
0
59
-63
0
0
75
0
-164
-86
181
0
-181
-99
204
0
0
0
0
114
-53
167
-75
40
0
0
125
-22
144
-140
-128
0
128
-128
-245
-16
106
0
0
34
83
0
-238
221
115
60
111
28
106
76
-80
84
-94
32512
32863
31976
31604
30339
28732
27171
25518
23382
20968
18232
15335
12672
9397
6475
3168
252
-3203
-6424
-9408
-12713
-15535
-18216
-20628
-23115
-25426
-27356
-29124
-30368
-31344
-32244
-32682
-32483
-32531
-32287
-31300
-30344
-29131
-27227
-25216
-23047
-20752
-18112
-15337
-12704
-9442
-6272
-3100
212
2984
6448
9335
12524
15324
18278
21008
23389
25298
27137
28920
30347
31504
32170
32630
