-131072
0
0
0
0
0
0
0
-131072
0
0
0
0
0
0
0
-131072
0
0
0
0
0
0
0
-131072
0
0
0
0
0
0
0
-131072
0
0
0
0
0
0
0
-131072
0
0
0
0
0
0
0
-131072
0
0
0
0
0
0
0
-131072
0
0
0
0
0
0
0
-131072
0
0
0
0
0
0
0
-131072
0
0
0
0
0
0
0
-131072
0
0
0
0
0
0
0
-131072
0
0
0
0
0
0
0
-131072
0
0
0
0
0
0
0
-131072
0
0
0
0
0
0
0
-131072
0
0
0
0
0
0
0
-131072
0
0
0
0
0
0
0
-131072
0
0
0
0
0
0
0
-131072
0
0
0
0
0
0
0
-131072
0
0
0
0
0
0
0
-131072
0
0
0
0
0
0
0
-131072
0
0
0
0
0
0
0
-131072
0
0
0
0
0
0
0
-131072
0
0
0
0
0
0
0
-131072
0
0
0
0
0
0
0
-131072
0
0
0
0
0
0
0
-131072
0
0
0
0
0
0
0
-131072
0
0
0
0
0
0
0
-131072
0
0
0
0
0
0
0
-131072
0
0
0
0
0
0
0
-131072
0
0
0
0
0
0
0
-131072
0
0
0
0
0
0
0
-131072
0
0
0
0
0
0
0
521856
524416
524800
523904
523392
523776
523392
524672
128
296
-455
-1071
-128
-1434
-1274
-38
-2816
-932
688
1805
-1274
1733
1013
-278
512
-36
-285
-455
-2184
-151
-207
106
-1024
101
-707
-481
-570
-198
-779
486
-512
-7
953
-557
570
-1044
-77
562
-384
743
35
-342
1681
-651
-152
-978
2432
936
-805
-812
639
-270
-566
293
111360
-50944
153600
-11008
104960
-18944
134656
-46592
-196864
-37944
35308
-36758
49664
-27884
-45864
-52134
-27648
-76512
2274
-20252
-12012
18020
59788
-89788
-57856
130380
-7374
-66188
-33124
-89230
-4496
161404
62464
562
136027
-42557
78942
34131
165263
-34272
23040
-80244
114922
-127775
-71695
-169020
128955
-50019
66816
-82149
45344
20907
57232
-29265
-48083
-53678
18688
57456
-15019
113763
2957
60550
-13519
33748
18688
44800
117504
-36352
-2816
-18432
99072
49664
66816
-126224
-72982
-74288
-57088
-59476
-6552
-76994
23040
-110600
-117252
64086
72072
97756
-69018
-56304
62464
-131280
8506
59100
-79716
4062
8194
-160820
-57728
61335
-30419
-38133
33066
-75181
-52982
121131
-27776
2324
11506
18091
11690
42066
-6534
-41909
-196736
-30334
-100710
37035
-49629
48655
-179854
-50652
111232
-7236
92020
-111330
-104617
-90801
93406
7413
1664
-256
-1280
-640
-896
-1536
-128
896
-128
-588
-364
1523
-1280
1178
182
-1543
-640
657
-254
565
637
1131
276
253
-896
1237
-588
782
91
1184
-686
-955
640
508
-554
329
2291
413
143
27
-2944
-332
710
-2068
1307
-1386
1387
-832
128
747
-883
315
118
-267
-704
1024
522368
372483
-1207
-369850
-523059
-369058
-570
371638
