37504
25728
24832
30208
33408
27136
33920
25984
29184
41472
31872
44288
31232
37632
29312
43648
30080
15488
33920
41984
43136
34432
35584
30464
37376
32000
45440
30208
43904
35584
35968
33792
37376
38400
28544
41216
29824
31488
29696
35328
26368
22400
33152
25472
32768
30208
35584
35200
34688
31232
27008
27392
27904
40960
28928
26240
20608
25856
33536
33920
31616
26368
34944
30080
1408
3362
-8677
1434
3444
2232
6023
10688
4004
9028
803
4906
6456
1686
-4005
1697
1183
2974
6093
-11526
12341
-4752
-6035
-6986
-6060
13515
-2029
4650
91
-1463
275
4176
-1152
7920
1047
-12612
-2647
1116
-11550
-1318
-302
589
1198
-5698
-258
1437
-423
-948
5915
2106
7929
-8676
13240
7216
3618
7176
12658
1252
3247
6727
-8100
8932
-166
-10300
3840
770
6396
-17004
3207
-9183
8630
14096
-8611
-429
1612
5419
3485
2474
-1223
-17168
-10012
1209
-78
4120
-10494
-1482
-12826
1048
8082
-7203
-3938
1303
-3600
10206
-3173
16873
9919
2386
-1281
-3068
-6921
2320
-5258
-9980
447
2972
-4730
-9567
1374
-5546
2608
-3562
1745
-2237
7255
-1436
4115
2221
12493
-1289
1696
908
8381
10943
1213
1757
2542
-2641
1792
-8178
3081
-3740
6822
1929
3297
8052
-591
-3830
-2482
7222
612
5100
-2750
-5382
-2753
6100
-1395
6368
0
4346
-1454
1729
264
102
2474
5330
-114
-4284
-7172
11533
-8645
-227
3478
1160
978
-5629
-2166
-4026
507
-7339
-6122
-4028
-4731
-5430
1891
-16874
-2256
-702
-11726
-9948
-2448
1473
-3818
3219
-8248
-16632
-16642
939
-7993
1385
-15610
3769
4608
3968
7541
254
1026
-2488
6593
2497
-2897
1772
1970
-14315
14518
1822
12060
-2359
7877
2817
-10734
-635
2170
-2435
-5580
3786
3641
4383
1336
-9390
8892
-3600
3060
5549
11379
-10972
-507
6095
-3699
-5360
7170
-1463
7940
-4544
12147
6006
-1254
2381
2356
-3446
7869
-7944
7013
-5273
3906
780
-2490
3380
-855
-4556
3381
-10082
-2786
-358
-1596
-9615
1280
5792
2170
7828
4247
7031
3076
2003
16581
5648
-2366
8380
-4079
6409
-6260
342
-2717
9359
-6046
-12732
-11610
11463
8694
11454
3568
4788
-3562
-3036
-3318
-684
-2360
4821
8280
-14476
-5673
-1651
-2059
-5760
2612
2781
9693
8146
-6276
2490
-1399
-4476
-9060
-5221
-3307
7129
6864
522
9306
3550
1232
-4505
-15628
4170
6097
4042
5566
-12706
-7639
-571
9472
-10612
1123
8333
5511
-13925
-7912
-10146
-3859
2963
2024
-1026
-4895
-2080
7623
6347
-9640
1355
12904
-2574
-3301
6874
-129
11938
3546
-1218
6322
-12741
880
424
2974
-9240
-5460
-9975
-10406
4140
10850
-15584
-8932
-9539
4145
8400
10270
-1222
914
3868
-3920
-9092
-4708
-4700
10188
4150
-10118
9380
-1131
-4019
1944
5193
-7504
3426
-2340
520
4702
-847
-6656
-11720
1686
-7484
12071
4781
6756
-7924
4671
1700
-1616
7342
1562
-6088
4131
-7830
1864
-5895
5721
-352
-5416
-150
-14730
-12678
5039
9921
-7773
10993
-8125
-2520
-13620
-1580
-146
10564
8223
5275
-5776
-8103
8185
-7951
-10841
-4042
580
-8309
4859
19475
6444
6200
-7886
7222
6552
-16883
2449
11100
-5509
-44
-1182
-8581
-10211
-3180
-6888
-11096
-2910
-3386
