0
0
0
0
0
0
0
0
0
0
0
0
0
0
0
0
0
0
0
0
0
0
0
0
0
0
0
0
0
0
0
0
0
0
0
0
0
0
0
0
0
0
0
0
0
0
0
0
0
0
0
0
0
0
0
0
0
0
0
0
0
0
0
0
0
0
0
0
0
0
0
0
0
0
0
0
0
0
0
0
0
0
0
0
0
0
0
0
0
0
0
0
0
0
0
0
0
0
0
0
0
0
0
0
0
0
0
0
0
0
0
0
0
0
0
0
0
0
0
0
0
0
0
0
0
0
0
0
0
0
0
0
0
0
0
0
0
0
0
0
0
0
0
0
0
0
0
0
0
0
0
0
0
0
0
0
0
0
0
0
0
0
0
0
0
0
0
0
0
0
0
0
0
0
0
0
0
0
0
0
0
0
0
0
0
0
0
0
0
0
0
0
0
0
0
0
0
0
0
0
0
0
0
0
0
0
0
0
0
0
0
0
0
0
0
0
0
0
0
0
0
0
0
0
0
0
0
0
0
0
0
0
0
0
0
0
0
0
0
0
0
0
0
0
0
0
0
0
0
0
0
0
0
0
0
0
-768
-1280
128
-640
-128
-512
-640
0
0
-953
1001
247
384
-788
-364
1091
128
-77
-9
173
0
393
559
-579
-384
-283
20
1007
-910
101
501
71
-384
-267
1057
-1586
-40
1264
-246
594
-128
-286
1099
-827
40
468
-932
96
1280
-625
-177
-1602
283
1345
554
-205
256
-270
757
-438
127
-451
-72
355
-14848
-40960
-92160
167680
-43520
-147712
93696
57600
-20480
5242
102284
-16094
-20480
41462
-179816
-19712
-44288
-80682
-11182
-5476
5096
77178
-6716
31426
8960
42886
30418
120520
13832
-197120
-53472
9834
21888
186022
-8786
-41048
-32781
40545
7390
-193590
13440
74766
117515
35943
29910
-30366
-69098
-29193
14208
95921
72511
84537
-23549
-115285
-6044
-55806
21120
-5526
-118356
-61564
-1124
34925
98588
36328
-20992
-36352
14336
-124160
-1280
68352
-13568
-1792
-14336
-10118
-46410
44966
-23808
-102582
-47684
1508
-13568
3610
-115114
115852
29848
-140902
128226
-15886
-21760
-131346
-135092
846
-33124
53452
165658
112174
-8576
-122931
7738
130798
13662
-202429
-5051
107649
43904
111321
-2735
10065
4830
67968
59993
-85474
19968
23854
-34812
14931
-20747
9857
-45772
-23371
15360
65088
-153562
125893
-43581
-117540
134736
-73009
-1792
-512
256
-512
-512
-640
-128
384
0
-1416
364
-336
384
1171
364
51
256
-1309
-1278
-532
273
604
668
705
512
-675
1416
-679
-819
-27
-1652
-179
640
-52
-152
-233
-813
505
672
639
-128
466
-1060
-1110
149
684
930
-547
128
706
745
423
49
101
-908
-254
384
-369711
-526569
-371899
-412
369311
522632
368510
