-524288
0
-524288
0
-524288
0
-524288
0
-524288
0
-524288
0
-524288
0
-524288
0
-524288
0
-524288
0
-524288
0
-524288
0
-524288
0
-524288
0
-524288
0
-524288
0
-524288
0
-524288
0
-524288
0
-524288
0
-524288
0
-524288
0
-524288
0
-524288
0
-524288
0
-524288
0
-524288
0
-524288
0
-524288
0
-524288
0
-524288
0
-524288
0
-524288
0
-524288
0
-524288
0
-524288
0
-524288
0
-524288
0
-524288
0
-524288
0
-524288
0
-524288
0
-524288
0
-524288
0
-524288
0
-524288
0
-524288
0
-524288
0
-524288
0
-524288
0
-524288
0
-524288
0
-524288
0
-524288
0
-524288
0
-524288
0
-524288
0
-524288
0
-524288
0
-524288
0
-524288
0
-524288
0
-524288
0
-524288
0
-524288
0
-524288
0
-524288
0
-524288
0
-524288
0
-524288
0
-524288
0
-524288
0
-524288
0
-524288
0
-524288
0
-524288
0
-524288
0
-524288
0
-524288
0
-524288
0
-524288
0
-524288
0
-524288
0
-524288
0
-524288
0
-524288
0
-524288
0
-524288
0
-524288
0
-524288
0
-524288
0
-524288
0
-524288
0
-524288
0
-524288
0
-524288
0
-524288
0
-524288
0
-524288
0
-524288
0
-524288
0
-524288
0
-524288
0
-524288
0
-524288
0
-524288
0
-524288
0
-524288
0
-524288
0
-524288
0
-524288
0
-524288
0
-524288
0
-524288
0
-524288
0
-524288
0
-524288
0
-524288
0
-524288
0
-524288
0
-524288
0
-524288
0
-524288
0
-524288
0
-524288
0
-524288
0
-524288
0
-524288
0
1046528
1048064
-1536
-512
-256
-362
-1280
-1086
-442624
-575232
442624
-788224
414976
317474
-283904
-682732
-305920
297728
-741120
92416
-270080
-403992
-124672
455034
-277248
-68864
-150784
-161280
283648
111315
406528
-11403
-788480
-23552
-27648
509184
217344
-442545
-449792
-900837
239104
-267776
-209408
233728
242944
86699
-796928
-693773
302080
-314368
361984
646912
-715776
-472229
-341504
-746625
217344
18688
568576
-81664
335616
153850
123648
-264260
1009152
-254976
-143872
-827904
-358912
211046
384512
402182
-315904
-310016
-272896
164608
71168
-82174
-1057280
-10136
89344
-674560
-406784
-118016
-80384
-1014686
-44544
-86880
-206080
271872
-157952
-568832
118272
1128354
-217088
-136474
884992
-84736
-319744
922368
-65024
385892
-512
457206
389888
-854528
-584960
75520
562944
476573
-183552
5249
484864
-577280
507392
-192512
352512
633681
-275712
1354423
-27904
1061632
200960
218368
-804864
-626260
930816
-156022
929792
158720
-802816
631808
197632
-220096
-25600
-1064280
-279552
-1348608
357376
-636672
500736
187697
490496
580829
-182784
-10752
563200
-474368
-584704
-74029
388608
855587
-1280
-458496
-67840
-381952
-317184
-921109
886016
83441
-216320
137984
117504
-1127680
-155904
563272
-207104
-273310
-45056
81920
-83968
1018880
-408576
110772
93184
674768
-1054208
9216
68608
84480
-272128
-161814
-316160
309510
383488
-404480
-357376
-210688
-144640
825541
1008384
253581
-163840
-393216
557056
-262144
753664
370688
557056
-648704
-407040
145920
-313856
10240
294912
-1412886
294912
336298
4864
667136
-6400
-224768
-825088
-712416
171264
-427884
-532224
575488
120064
39936
532736
-512592
-1038080
97016
322304
163072
427776
6144
-316672
-147877
-105728
-110591
58624
-591104
-477952
359424
-798720
136655
-289280
-277835
-343296
465664
469248
163328
425728
543905
-420608
-79821
-1792
2048
768
1536
-1792
1086
1047296
-1047266
