0
0
0
0
0
0
0
0
0
0
0
0
0
0
0
0
0
0
0
0
0
0
0
0
0
0
0
0
0
0
0
0
0
0
0
0
0
0
0
0
0
0
0
0
0
0
0
0
0
0
0
0
0
0
0
0
0
0
0
0
0
0
0
0
0
0
0
0
0
0
0
0
0
0
0
0
0
0
0
0
0
0
0
0
0
0
0
0
0
0
0
0
0
0
0
0
0
0
0
0
0
0
0
0
0
0
0
0
0
0
0
0
0
0
0
0
0
0
0
0
0
0
0
0
0
0
0
0
0
0
0
0
0
0
0
0
0
0
0
0
0
0
0
0
0
0
0
0
0
0
0
0
0
0
0
0
0
0
0
0
0
0
0
0
0
0
0
0
0
0
0
0
0
0
0
0
0
0
0
0
0
0
0
0
0
0
0
0
0
0
0
0
0
0
0
0
0
0
0
0
0
0
0
0
0
0
0
0
0
0
0
0
0
0
0
0
0
0
0
0
0
0
0
0
0
0
0
0
0
0
0
0
0
0
0
0
0
0
0
0
0
0
0
0
0
0
0
0
0
0
0
0
0
0
0
0
-1280
-1536
-256
0
-1024
0
512
0
261376
-103168
-64768
7424
-307968
-3258
111360
-249056
86528
-12032
-53760
92928
57856
-57920
-25088
163262
-99072
114176
-232192
-20736
77312
-79097
57344
159823
99072
1280
-316160
26112
-106496
238377
-69632
3439
20224
-140544
-65280
270336
-306688
45431
220672
-15747
496640
-278272
303616
-361472
207360
-471143
303104
-263717
136448
-103168
-38656
-151808
47360
78916
-14080
-97378
-113664
73216
-119808
24576
19456
-9774
95232
-362
-237056
21248
73216
-46336
-162304
-63712
162304
48870
-228608
89344
-85248
-206080
32768
-271138
-427520
412680
-768
-48128
91904
108032
-4096
194032
-15360
-171588
-25088
-16640
-18944
-222976
168192
49232
50944
69142
183296
101632
-10240
142848
-4608
41087
-60928
-72219
228096
36864
-302848
314624
-222720
139189
524800
-261907
512
16128
159232
118016
94976
-55024
83200
-379738
-86016
-375808
-92160
-52224
-152576
114392
-5120
14480
-529408
-265472
224256
137728
303616
319465
-227840
42535
58368
-75008
6656
41472
9728
142447
-183296
106609
-48896
69632
-170752
50944
22272
-223535
23296
-15747
15104
-174336
4864
193792
-89344
111858
768
-47784
423680
415232
-34048
-272896
84224
-204892
228608
90500
-163072
50176
159488
-64000
-76800
-46698
240128
22082
-94464
256
-18688
-11776
120832
26607
115200
72581
-557056
-327680
-622592
524288
-32768
231680
-622592
-139008
284672
-135680
-88064
-156160
41472
-633500
-238080
162900
-20736
-136192
291584
-248320
131328
-93034
-140032
151678
-139008
-399360
-18176
-664064
315648
-350778
365824
-297202
44288
109568
-88832
-72448
275200
-7421
97024
-64617
-14080
-65024
19200
-151296
51200
47603
-121856
-14661
3584
249856
87040
219904
66048
-68237
-25600
-42173
-2560
-2560
2048
-1024
512
362
0
-362
